50
24 137
28 4 6
4 7 11
7 1 15
1 19 2
19 0 7
0 24 10
32 8 3
8 19 7
36 12 1
12 7 1
40 16 5
16 22 13
22 13 3
13 17 10
17 1 2
44 20 9
20 19 1
66 48 7
48 63 1
63 50 2
50 8 5
70 52 6
52 50 1
74 56 8
56 52 3
78 60 9
60 50 2
82 64 9
64 53 2
53 50 2
105 86 11
86 88 1
88 87 3
87 53 6
109 90 13
90 87 4
113 94 7
94 90 1
117 98 5
98 88 2
121 102 1
102 87 6
147 125 13
125 128 4
128 333 9
333 328 3
328 362 3
362 366 1
366 52 2
151 129 12
129 135 2
135 128 2
155 133 8
133 128 3
159 137 15
137 139 2
139 128 3
163 141 6
141 139 1
186 167 10
167 184 1
184 180 1
180 58 4
58 57 2
57 52 1
190 171 11
171 168 1
168 183 2
183 174 1
174 180 1
194 175 3
175 174 5
198 179 3
179 184 3
202 183 8
230 206 9
206 215 2
215 205 1
205 226 1
226 335 4
335 333 1
234 210 4
210 222 1
222 205 1
238 214 4
214 215 1
242 218 14
218 222 1
246 222 12
250 226 12
267 254 7
254 259 5
259 257 3
257 337 1
337 323 2
323 341 2
341 328 1
271 258 8
258 253 1
253 255 1
255 257 3
275 262 2
262 255 4
301 279 2
279 287 4
287 257 2
305 283 11
283 298 2
298 278 1
278 285 1
285 290 1
290 287 2
309 287 14
317 295 6
295 285 1
321 299 8
299 287 2
344 324 2
324 323 1
348 328 6
352 332 12
332 326 1
326 328 3
356 336 14
336 335 3
360 340 3
340 326 2
383 364 10
364 380 1
380 366 4
387 368 1
368 362 1
391 372 14
372 376 2
376 366 1
395 376 7
399 380 11
28 138
24 0 10
0 19 7
19 1 2
1 7 15
7 4 11
4 28 6
32 8 3
8 19 7
36 12 1
12 7 1
40 16 5
16 22 13
22 13 3
13 7 11
44 20 9
20 19 1
66 48 7
48 63 1
63 50 2
50 8 5
70 52 6
52 50 1
74 56 8
56 52 3
78 60 9
60 50 2
82 64 9
64 53 2
53 50 2
105 86 11
86 88 1
88 87 3
87 53 6
109 90 13
90 87 4
113 94 7
94 90 1
117 98 5
98 95 2
95 378 4
378 366 4
366 52 2
121 102 1
102 87 6
147 125 13
125 128 4
128 333 9
333 328 3
328 362 3
362 366 1
151 129 12
129 135 2
135 128 2
155 133 8
133 128 3
159 137 15
137 139 2
139 128 3
163 141 6
141 139 1
186 167 10
167 184 1
184 180 1
180 58 4
58 57 2
57 52 1
190 171 11
171 168 1
168 183 2
183 174 1
174 180 1
194 175 3
175 174 5
198 179 3
179 184 3
202 183 8
230 206 9
206 215 2
215 205 1
205 226 1
226 335 4
335 333 1
234 210 4
210 222 1
222 205 1
238 214 4
214 215 1
242 218 14
218 222 1
246 222 12
250 226 12
267 254 7
254 259 5
259 257 3
257 337 1
337 323 2
323 341 2
341 328 1
271 258 8
258 253 1
253 255 1
255 257 3
275 262 2
262 255 4
301 279 2
279 287 4
287 257 2
305 283 11
283 298 2
298 278 1
278 285 1
285 290 1
290 287 2
309 287 14
317 295 6
295 285 1
321 299 8
299 287 2
344 324 2
324 323 1
348 328 6
352 332 12
332 326 1
326 328 3
356 336 14
336 335 3
360 340 3
340 326 2
383 364 10
364 380 1
380 366 4
387 368 1
368 362 1
391 372 14
372 376 2
376 366 1
395 376 7
399 380 11
32 137
24 0 10
0 19 7
19 8 7
8 32 3
28 4 6
4 7 11
7 1 15
1 19 2
36 12 1
12 7 1
40 16 5
16 22 13
22 13 3
13 17 10
17 1 2
44 20 9
20 19 1
66 48 7
48 63 1
63 50 2
50 8 5
70 52 6
52 50 1
74 56 8
56 52 3
78 60 9
60 50 2
82 64 9
64 53 2
53 50 2
105 86 11
86 88 1
88 87 3
87 53 6
109 90 13
90 87 4
113 94 7
94 90 1
117 98 5
98 88 2
121 102 1
102 87 6
147 125 13
125 128 4
128 333 9
333 328 3
328 362 3
362 366 1
366 52 2
151 129 12
129 135 2
135 128 2
155 133 8
133 128 3
159 137 15
137 139 2
139 128 3
163 141 6
141 139 1
186 167 10
167 184 1
184 180 1
180 58 4
58 57 2
57 52 1
190 171 11
171 168 1
168 183 2
183 174 1
174 180 1
194 175 3
175 174 5
198 179 3
179 184 3
202 183 8
230 206 9
206 215 2
215 205 1
205 226 1
226 335 4
335 333 1
234 210 4
210 222 1
222 205 1
238 214 4
214 215 1
242 218 14
218 222 1
246 222 12
250 226 12
267 254 7
254 259 5
259 257 3
257 337 1
337 323 2
323 341 2
341 328 1
271 258 8
258 253 1
253 255 1
255 257 3
275 262 2
262 255 4
301 279 2
279 287 4
287 257 2
305 283 11
283 298 2
298 278 1
278 285 1
285 290 1
290 287 2
309 287 14
317 295 6
295 285 1
321 299 8
299 287 2
344 324 2
324 323 1
348 328 6
352 332 12
332 326 1
326 328 3
356 336 14
336 335 3
360 340 3
340 326 2
383 364 10
364 380 1
380 366 4
387 368 1
368 362 1
391 372 14
372 376 2
376 366 1
395 376 7
399 380 11
36 139
24 0 10
0 19 7
19 1 2
1 7 15
7 12 1
12 36 1
28 4 6
4 7 11
32 8 3
8 19 7
40 16 5
16 22 13
22 13 3
13 15 2
15 12 8
44 20 9
20 19 1
66 48 7
48 63 1
63 50 2
50 8 5
70 52 6
52 50 1
74 56 8
56 52 3
78 60 9
60 50 2
82 64 9
64 53 2
53 50 2
105 86 11
86 88 1
88 87 3
87 53 6
109 90 13
90 87 4
113 94 7
94 90 1
117 98 5
98 95 2
95 378 4
378 366 4
366 52 2
121 102 1
102 87 6
147 125 13
125 128 4
128 333 9
333 328 3
328 362 3
362 366 1
151 129 12
129 135 2
135 128 2
155 133 8
133 128 3
159 137 15
137 139 2
139 128 3
163 141 6
141 139 1
186 167 10
167 184 1
184 180 1
180 58 4
58 57 2
57 52 1
190 171 11
171 168 1
168 183 2
183 174 1
174 180 1
194 175 3
175 174 5
198 179 3
179 184 3
202 183 8
230 206 9
206 215 2
215 205 1
205 226 1
226 335 4
335 333 1
234 210 4
210 222 1
222 205 1
238 214 4
214 215 1
242 218 14
218 222 1
246 222 12
250 226 12
267 254 7
254 259 5
259 257 3
257 337 1
337 323 2
323 341 2
341 328 1
271 258 8
258 253 1
253 255 1
255 257 3
275 262 2
262 255 4
301 279 2
279 287 4
287 257 2
305 283 11
283 298 2
298 278 1
278 285 1
285 290 1
290 287 2
309 287 14
317 295 6
295 285 1
321 299 8
299 287 2
344 324 2
324 323 1
348 328 6
352 332 12
332 326 1
326 328 3
356 336 14
336 335 3
360 340 3
340 326 2
383 364 10
364 380 1
380 366 4
387 368 1
368 362 1
391 372 14
372 376 2
376 366 1
395 376 7
399 380 11
40 143
24 0 10
0 21 7
21 9 4
9 15 8
15 13 2
13 22 3
22 16 13
16 40 5
28 4 6
4 7 11
7 13 11
32 8 3
8 19 7
19 1 2
1 15 10
36 12 1
12 15 8
44 20 9
20 19 1
66 48 7
48 63 1
63 50 2
50 8 5
70 52 6
52 50 1
74 56 8
56 52 3
78 60 9
60 50 2
82 64 9
64 53 2
53 50 2
105 86 11
86 88 1
88 87 3
87 53 6
109 90 13
90 87 4
113 94 7
94 90 1
117 98 5
98 95 2
95 378 4
378 366 4
366 52 2
121 102 1
102 87 6
147 125 13
125 128 4
128 333 9
333 328 3
328 362 3
362 366 1
151 129 12
129 135 2
135 128 2
155 133 8
133 128 3
159 137 15
137 139 2
139 128 3
163 141 6
141 139 1
186 167 10
167 184 1
184 180 1
180 58 4
58 55 1
55 10 14
10 17 3
17 13 10
190 171 11
171 168 1
168 183 2
183 174 1
174 180 1
194 175 3
175 174 5
198 179 3
179 184 3
202 183 8
230 206 9
206 215 2
215 205 1
205 226 1
226 335 4
335 333 1
234 210 4
210 222 1
222 205 1
238 214 4
214 215 1
242 218 14
218 222 1
246 222 12
250 226 12
267 254 7
254 259 5
259 257 3
257 337 1
337 323 2
323 341 2
341 328 1
271 258 8
258 253 1
253 255 1
255 257 3
275 262 2
262 255 4
301 279 2
279 287 4
287 257 2
305 283 11
283 298 2
298 278 1
278 285 1
285 290 1
290 287 2
309 287 14
317 295 6
295 285 1
321 299 8
299 287 2
344 324 2
324 323 1
348 328 6
352 332 12
332 326 1
326 328 3
356 336 14
336 335 3
360 340 3
340 326 2
383 364 10
364 380 1
380 366 4
387 368 1
368 362 1
391 372 14
372 376 2
376 366 1
395 376 7
399 380 11
44 139
24 0 10
0 19 7
19 20 1
20 44 9
28 4 6
4 7 11
7 1 15
1 19 2
32 8 3
8 19 7
36 12 1
12 7 1
40 16 5
16 22 13
22 13 3
13 17 10
17 1 2
66 48 7
48 63 1
63 50 2
50 8 5
70 52 6
52 50 1
74 56 8
56 52 3
78 60 9
60 50 2
82 64 9
64 53 2
53 50 2
105 86 11
86 88 1
88 87 3
87 53 6
109 90 13
90 87 4
113 94 7
94 90 1
117 98 5
98 95 2
95 378 4
378 366 4
366 52 2
121 102 1
102 87 6
147 125 13
125 128 4
128 333 9
333 328 3
328 362 3
362 366 1
151 129 12
129 135 2
135 128 2
155 133 8
133 128 3
159 137 15
137 139 2
139 128 3
163 141 6
141 139 1
186 167 10
167 184 1
184 180 1
180 58 4
58 57 2
57 52 1
190 171 11
171 168 1
168 183 2
183 174 1
174 180 1
194 175 3
175 174 5
198 179 3
179 184 3
202 183 8
230 206 9
206 215 2
215 205 1
205 226 1
226 335 4
335 333 1
234 210 4
210 222 1
222 205 1
238 214 4
214 215 1
242 218 14
218 222 1
246 222 12
250 226 12
267 254 7
254 259 5
259 257 3
257 337 1
337 323 2
323 341 2
341 328 1
271 258 8
258 253 1
253 255 1
255 257 3
275 262 2
262 255 4
301 279 2
279 287 4
287 257 2
305 283 11
283 298 2
298 278 1
278 285 1
285 290 1
290 287 2
309 287 14
317 295 6
295 285 1
321 299 8
299 287 2
344 324 2
324 323 1
348 328 6
352 332 12
332 326 1
326 328 3
356 336 14
336 335 3
360 340 3
340 326 2
383 364 10
364 380 1
380 366 4
387 368 1
368 362 1
391 372 14
372 376 2
376 366 1
395 376 7
399 380 11
66 141
24 0 10
0 19 7
19 8 7
8 50 5
50 63 2
63 48 1
48 66 7
28 4 6
4 7 11
7 1 15
1 19 2
32 8 3
36 12 1
12 7 1
40 16 5
16 22 13
22 13 3
13 17 10
17 10 3
10 55 14
55 63 1
44 20 9
20 19 1
70 52 6
52 63 3
74 56 8
56 51 1
51 61 2
61 55 1
78 60 9
60 49 1
49 48 1
82 64 9
64 48 4
105 86 11
86 88 1
88 87 3
87 49 9
109 90 13
90 87 4
113 94 7
94 90 1
117 98 5
98 88 2
121 102 1
102 87 6
147 125 13
125 128 4
128 333 9
333 328 3
328 362 3
362 366 1
366 52 2
151 129 12
129 135 2
135 128 2
155 133 8
133 128 3
159 137 15
137 139 2
139 128 3
163 141 6
141 139 1
186 167 10
167 184 1
184 180 1
180 58 4
58 55 1
190 171 11
171 168 1
168 183 2
183 174 1
174 180 1
194 175 3
175 174 5
198 179 3
179 184 3
202 183 8
230 206 9
206 212 2
212 226 2
226 335 4
335 333 1
234 210 4
210 222 1
222 205 1
205 226 1
238 214 4
214 215 1
215 205 1
242 218 14
218 222 1
246 222 12
250 226 12
267 254 7
254 259 5
259 257 3
257 337 1
337 323 2
323 341 2
341 328 1
271 258 8
258 253 1
253 255 1
255 257 3
275 262 2
262 255 4
301 279 2
279 287 4
287 257 2
305 283 11
283 298 2
298 278 1
278 285 1
285 290 1
290 287 2
309 287 14
317 295 6
295 285 1
321 299 8
299 287 2
344 324 2
324 323 1
348 328 6
352 332 12
332 326 1
326 328 3
356 336 14
336 335 3
360 340 3
340 326 2
383 364 10
364 380 1
380 366 4
387 368 1
368 362 1
391 372 14
372 376 2
376 366 1
395 376 7
399 380 11
70 140
24 0 10
0 19 7
19 8 7
8 50 5
50 52 1
52 70 6
28 4 6
4 7 11
7 1 15
1 19 2
32 8 3
36 12 1
12 7 1
40 16 5
16 22 13
22 13 3
13 17 10
17 1 2
44 20 9
20 19 1
66 48 7
48 63 1
63 52 3
74 56 8
56 52 3
78 60 9
60 52 2
82 64 9
64 53 2
53 50 2
105 86 11
86 88 1
88 87 3
87 53 6
109 90 13
90 87 4
113 94 7
94 98 2
98 95 2
95 378 4
378 366 4
366 52 2
117 98 5
121 102 1
102 85 2
85 95 2
147 125 13
125 128 4
128 333 9
333 328 3
328 362 3
362 366 1
151 129 12
129 135 2
135 128 2
155 133 8
133 128 3
159 137 15
137 139 2
139 128 3
163 141 6
141 139 1
186 167 10
167 184 1
184 180 1
180 58 4
58 57 2
57 52 1
190 171 11
171 168 1
168 183 2
183 174 1
174 180 1
194 175 3
175 174 5
198 179 3
179 184 3
202 183 8
230 206 9
206 215 2
215 205 1
205 226 1
226 335 4
335 333 1
234 210 4
210 222 1
222 205 1
238 214 4
214 215 1
242 218 14
218 222 1
246 222 12
250 226 12
267 254 7
254 259 5
259 257 3
257 337 1
337 323 2
323 341 2
341 328 1
271 258 8
258 253 1
253 255 1
255 257 3
275 262 2
262 255 4
301 279 2
279 287 4
287 257 2
305 283 11
283 298 2
298 278 1
278 285 1
285 290 1
290 287 2
309 287 14
317 295 6
295 285 1
321 299 8
299 287 2
344 324 2
324 323 1
348 328 6
352 332 12
332 326 1
326 328 3
356 336 14
336 335 3
360 340 3
340 326 2
383 364 10
364 380 1
380 366 4
387 368 1
368 362 1
391 372 14
372 376 2
376 366 1
395 376 7
399 380 11
74 139
24 0 10
0 19 7
19 8 7
8 50 5
50 52 1
52 56 3
56 74 8
28 4 6
4 7 11
7 1 15
1 19 2
32 8 3
36 12 1
12 7 1
40 16 5
16 22 13
22 13 3
13 17 10
17 1 2
44 20 9
20 19 1
66 48 7
48 63 1
63 55 1
55 61 1
61 51 2
51 56 1
70 52 6
78 60 9
60 52 2
82 64 9
64 56 4
105 86 11
86 88 1
88 87 3
87 53 6
53 51 3
109 90 13
90 87 4
113 94 7
94 90 1
117 98 5
98 88 2
121 102 1
102 87 6
147 125 13
125 128 4
128 333 9
333 328 3
328 362 3
362 366 1
366 52 2
151 129 12
129 135 2
135 128 2
155 133 8
133 128 3
159 137 15
137 139 2
139 128 3
163 141 6
141 139 1
186 167 10
167 184 1
184 180 1
180 58 4
58 61 1
190 171 11
171 168 1
168 183 2
183 174 1
174 180 1
194 175 3
175 174 5
198 179 3
179 184 3
202 183 8
230 206 9
206 215 2
215 205 1
205 226 1
226 335 4
335 333 1
234 210 4
210 222 1
222 205 1
238 214 4
214 215 1
242 218 14
218 222 1
246 222 12
250 226 12
267 254 7
254 259 5
259 257 3
257 337 1
337 323 2
323 341 2
341 328 1
271 258 8
258 253 1
253 255 1
255 257 3
275 262 2
262 255 4
301 279 2
279 287 4
287 257 2
305 283 11
283 298 2
298 278 1
278 285 1
285 290 1
290 287 2
309 287 14
317 295 6
295 285 1
321 299 8
299 287 2
344 324 2
324 323 1
348 328 6
352 332 12
332 326 1
326 328 3
356 336 14
336 335 3
360 340 3
340 326 2
383 364 10
364 380 1
380 366 4
387 368 1
368 362 1
391 372 14
372 376 2
376 366 1
395 376 7
399 380 11
78 138
24 0 10
0 19 7
19 8 7
8 50 5
50 60 2
60 78 9
28 4 6
4 7 11
7 1 15
1 19 2
32 8 3
36 12 1
12 7 1
40 16 5
16 22 13
22 13 3
13 17 10
17 1 2
44 20 9
20 19 1
66 48 7
48 49 1
49 60 1
70 52 6
52 60 2
74 56 8
56 52 3
82 64 9
64 60 6
105 86 11
86 88 1
88 87 3
87 49 9
109 90 13
90 87 4
113 94 7
94 90 1
117 98 5
98 95 2
95 378 4
378 366 4
366 52 2
121 102 1
102 87 6
147 125 13
125 128 4
128 333 9
333 328 3
328 362 3
362 366 1
151 129 12
129 135 2
135 128 2
155 133 8
133 128 3
159 137 15
137 139 2
139 128 3
163 141 6
141 139 1
186 167 10
167 184 1
184 180 1
180 58 4
58 61 1
61 60 2
190 171 11
171 168 1
168 183 2
183 174 1
174 180 1
194 175 3
175 174 5
198 179 3
179 184 3
202 183 8
230 206 9
206 215 2
215 205 1
205 226 1
226 335 4
335 333 1
234 210 4
210 222 1
222 205 1
238 214 4
214 215 1
242 218 14
218 222 1
246 222 12
250 226 12
267 254 7
254 259 5
259 257 3
257 337 1
337 323 2
323 341 2
341 328 1
271 258 8
258 253 1
253 255 1
255 257 3
275 262 2
262 255 4
301 279 2
279 287 4
287 257 2
305 283 11
283 298 2
298 278 1
278 285 1
285 290 1
290 287 2
309 287 14
317 295 6
295 285 1
321 299 8
299 287 2
344 324 2
324 323 1
348 328 6
352 332 12
332 326 1
326 328 3
356 336 14
336 335 3
360 340 3
340 326 2
383 364 10
364 380 1
380 366 4
387 368 1
368 362 1
391 372 14
372 376 2
376 366 1
395 376 7
399 380 11
82 136
24 0 10
0 19 7
19 8 7
8 50 5
50 53 2
53 64 2
64 82 9
28 4 6
4 7 11
7 1 15
1 19 2
32 8 3
36 12 1
12 7 1
40 16 5
16 22 13
22 13 3
13 17 10
17 1 2
44 20 9
20 19 1
66 48 7
48 64 4
70 52 6
52 50 1
74 56 8
56 64 4
78 60 9
60 64 6
105 86 11
86 88 1
88 87 3
87 53 6
109 90 13
90 87 4
113 94 7
94 90 1
117 98 5
98 88 2
121 102 1
102 87 6
147 125 13
125 128 4
128 333 9
333 328 3
328 362 3
362 366 1
366 52 2
151 129 12
129 135 2
135 128 2
155 133 8
133 128 3
159 137 15
137 139 2
139 128 3
163 141 6
141 139 1
186 167 10
167 184 1
184 180 1
180 58 4
58 65 4
65 64 1
190 171 11
171 168 1
168 183 2
183 174 1
174 180 1
194 175 3
175 174 5
198 179 3
179 184 3
202 183 8
230 206 9
206 215 2
215 205 1
205 226 1
226 335 4
335 333 1
234 210 4
210 222 1
222 205 1
238 214 4
214 215 1
242 218 14
218 222 1
246 222 12
250 226 12
267 254 7
254 259 5
259 257 3
257 337 1
337 323 2
323 341 2
341 328 1
271 258 8
258 253 1
253 255 1
255 257 3
275 262 2
262 255 4
301 279 2
279 287 4
287 257 2
305 283 11
283 298 2
298 278 1
278 285 1
285 290 1
290 287 2
309 287 14
317 295 6
295 285 1
321 299 8
299 287 2
344 324 2
324 323 1
348 328 6
352 332 12
332 326 1
326 328 3
356 336 14
336 335 3
360 340 3
340 326 2
383 364 10
364 380 1
380 366 4
387 368 1
368 362 1
391 372 14
372 376 2
376 366 1
395 376 7
399 380 11
105 143
24 0 10
0 19 7
19 8 7
8 50 5
50 53 2
53 87 6
87 88 3
88 86 1
86 105 11
28 4 6
4 7 11
7 1 15
1 19 2
32 8 3
36 12 1
12 7 1
40 16 5
16 22 13
22 13 3
13 17 10
17 1 2
44 20 9
20 19 1
66 48 7
48 49 1
49 87 9
70 52 6
52 366 2
366 378 4
378 95 4
95 84 1
84 88 1
74 56 8
56 51 1
51 53 3
78 60 9
60 50 2
82 64 9
64 53 2
109 90 13
90 91 3
91 86 1
113 94 7
94 88 4
117 98 5
98 88 2
121 102 1
102 86 4
147 125 13
125 128 4
128 333 9
333 328 3
328 362 3
362 366 1
151 129 12
129 135 2
135 128 2
155 133 8
133 128 3
159 137 15
137 139 2
139 128 3
163 141 6
141 139 1
186 167 10
167 184 1
184 180 1
180 58 4
58 54 1
54 53 3
190 171 11
171 168 1
168 183 2
183 174 1
174 180 1
194 175 3
175 174 5
198 179 3
179 184 3
202 183 8
230 206 9
206 215 2
215 205 1
205 226 1
226 335 4
335 333 1
234 210 4
210 222 1
222 205 1
238 214 4
214 215 1
242 218 14
218 222 1
246 222 12
250 226 12
267 254 7
254 259 5
259 257 3
257 337 1
337 323 2
323 341 2
341 328 1
271 258 8
258 253 1
253 255 1
255 257 3
275 262 2
262 255 4
301 279 2
279 287 4
287 257 2
305 283 11
283 298 2
298 278 1
278 285 1
285 290 1
290 287 2
309 287 14
317 295 6
295 285 1
321 299 8
299 287 2
344 324 2
324 323 1
348 328 6
352 332 12
332 326 1
326 328 3
356 336 14
336 335 3
360 340 3
340 326 2
383 364 10
364 378 2
387 368 1
368 367 3
367 378 3
391 372 14
372 367 4
395 376 7
376 378 5
399 380 11
380 364 1
109 144
24 0 10
0 19 7
19 8 7
8 50 5
50 53 2
53 87 6
87 90 4
90 109 13
28 4 6
4 7 11
7 1 15
1 19 2
32 8 3
36 12 1
12 7 1
40 16 5
16 22 13
22 13 3
13 17 10
17 1 2
44 20 9
20 19 1
66 48 7
48 49 1
49 87 9
70 52 6
52 50 1
74 56 8
56 51 1
51 53 3
78 60 9
60 50 2
82 64 9
64 53 2
105 86 11
86 91 1
91 90 3
113 94 7
94 90 1
117 98 5
98 94 2
121 102 1
102 85 2
85 89 2
89 90 1
147 125 13
125 128 4
128 333 9
333 328 3
328 362 3
362 366 1
366 378 4
378 95 4
95 98 2
151 129 12
129 135 2
135 128 2
155 133 8
133 128 3
159 137 15
137 139 2
139 128 3
163 141 6
141 139 1
186 167 10
167 184 1
184 180 1
180 58 4
58 54 1
54 53 3
190 171 11
171 168 1
168 183 2
183 174 1
174 180 1
194 175 3
175 174 5
198 179 3
179 184 3
202 183 8
230 206 9
206 212 2
212 226 2
226 335 4
335 333 1
234 210 4
210 222 1
222 205 1
205 226 1
238 214 4
214 215 1
215 205 1
242 218 14
218 222 1
246 222 12
250 226 12
267 254 7
254 259 5
259 257 3
257 337 1
337 323 2
323 341 2
341 328 1
271 258 8
258 253 1
253 255 1
255 257 3
275 262 2
262 255 4
301 279 2
279 287 4
287 257 2
305 283 11
283 298 2
298 278 1
278 285 1
285 290 1
290 287 2
309 287 14
317 295 6
295 285 1
321 299 8
299 287 2
344 324 2
324 323 1
348 328 6
352 332 12
332 326 1
326 328 3
356 336 14
336 335 3
360 340 3
340 326 2
383 364 10
364 378 2
387 368 1
368 367 3
367 378 3
391 372 14
372 367 4
395 376 7
376 378 5
399 380 11
380 89 9
113 143
24 0 10
0 19 7
19 8 7
8 50 5
50 53 2
53 87 6
87 90 4
90 94 1
94 113 7
28 4 6
4 7 11
7 1 15
1 19 2
32 8 3
36 12 1
12 7 1
40 16 5
16 22 13
22 13 3
13 17 10
17 1 2
44 20 9
20 19 1
66 48 7
48 49 1
49 87 9
70 52 6
52 366 2
366 378 4
378 95 4
95 98 2
98 94 2
74 56 8
56 51 1
51 53 3
78 60 9
60 50 2
82 64 9
64 53 2
105 86 11
86 88 1
88 94 4
109 90 13
117 98 5
121 102 1
102 85 2
85 89 2
89 94 2
147 125 13
125 128 4
128 333 9
333 328 3
328 362 3
362 366 1
151 129 12
129 135 2
135 128 2
155 133 8
133 128 3
159 137 15
137 139 2
139 128 3
163 141 6
141 139 1
186 167 10
167 184 1
184 180 1
180 58 4
58 54 1
54 53 3
190 171 11
171 168 1
168 183 2
183 174 1
174 180 1
194 175 3
175 174 5
198 179 3
179 184 3
202 183 8
230 206 9
206 215 2
215 205 1
205 226 1
226 335 4
335 333 1
234 210 4
210 222 1
222 205 1
238 214 4
214 215 1
242 218 14
218 222 1
246 222 12
250 226 12
267 254 7
254 259 5
259 257 3
257 337 1
337 323 2
323 341 2
341 328 1
271 258 8
258 253 1
253 255 1
255 257 3
275 262 2
262 255 4
301 279 2
279 287 4
287 257 2
305 283 11
283 298 2
298 278 1
278 285 1
285 290 1
290 287 2
309 287 14
317 295 6
295 285 1
321 299 8
299 287 2
344 324 2
324 323 1
348 328 6
352 332 12
332 326 1
326 328 3
356 336 14
336 335 3
360 340 3
340 326 2
383 364 10
364 378 2
387 368 1
368 367 3
367 378 3
391 372 14
372 367 4
395 376 7
376 378 5
399 380 11
380 89 9
117 141
24 0 10
0 19 7
19 8 7
8 50 5
50 53 2
53 87 6
87 88 3
88 98 2
98 117 5
28 4 6
4 7 11
7 1 15
1 19 2
32 8 3
36 12 1
12 7 1
40 16 5
16 22 13
22 13 3
13 17 10
17 1 2
44 20 9
20 19 1
66 48 7
48 49 1
49 87 9
70 52 6
52 366 2
366 378 4
378 95 4
95 98 2
74 56 8
56 52 3
78 60 9
60 52 2
82 64 9
64 53 2
105 86 11
86 88 1
109 90 13
90 94 1
94 98 2
113 94 7
121 102 1
102 85 2
85 98 3
147 125 13
125 128 4
128 333 9
333 328 3
328 362 3
362 366 1
151 129 12
129 135 2
135 128 2
155 133 8
133 128 3
159 137 15
137 139 2
139 128 3
163 141 6
141 139 1
186 167 10
167 184 1
184 180 1
180 58 4
58 57 2
57 52 1
190 171 11
171 168 1
168 183 2
183 174 1
174 180 1
194 175 3
175 174 5
198 179 3
179 184 3
202 183 8
230 206 9
206 215 2
215 205 1
205 226 1
226 335 4
335 333 1
234 210 4
210 222 1
222 205 1
238 214 4
214 215 1
242 218 14
218 222 1
246 222 12
250 226 12
267 254 7
254 259 5
259 257 3
257 337 1
337 323 2
323 341 2
341 328 1
271 258 8
258 253 1
253 255 1
255 257 3
275 262 2
262 255 4
301 279 2
279 287 4
287 257 2
305 283 11
283 298 2
298 278 1
278 285 1
285 290 1
290 287 2
309 287 14
317 295 6
295 285 1
321 299 8
299 287 2
344 324 2
324 323 1
348 328 6
352 332 12
332 326 1
326 328 3
356 336 14
336 335 3
360 340 3
340 326 2
383 364 10
364 378 2
387 368 1
368 367 3
367 378 3
391 372 14
372 367 4
395 376 7
376 378 5
399 380 11
380 364 1
121 142
24 0 10
0 19 7
19 8 7
8 50 5
50 53 2
53 87 6
87 102 6
102 121 1
28 4 6
4 7 11
7 1 15
1 19 2
32 8 3
36 12 1
12 7 1
40 16 5
16 22 13
22 13 3
13 17 10
17 1 2
44 20 9
20 19 1
66 48 7
48 49 1
49 87 9
70 52 6
52 366 2
366 378 4
378 95 4
95 85 2
85 102 2
74 56 8
56 51 1
51 53 3
78 60 9
60 50 2
82 64 9
64 53 2
105 86 11
86 102 4
109 90 13
90 89 1
89 85 2
113 94 7
94 89 2
117 98 5
98 85 3
147 125 13
125 128 4
128 333 9
333 328 3
328 362 3
362 366 1
151 129 12
129 135 2
135 128 2
155 133 8
133 128 3
159 137 15
137 139 2
139 128 3
163 141 6
141 139 1
186 167 10
167 184 1
184 180 1
180 58 4
58 54 1
54 53 3
190 171 11
171 168 1
168 183 2
183 174 1
174 180 1
194 175 3
175 174 5
198 179 3
179 184 3
202 183 8
230 206 9
206 215 2
215 205 1
205 226 1
226 335 4
335 333 1
234 210 4
210 222 1
222 205 1
238 214 4
214 215 1
242 218 14
218 222 1
246 222 12
250 226 12
267 254 7
254 259 5
259 257 3
257 337 1
337 323 2
323 341 2
341 328 1
271 258 8
258 253 1
253 255 1
255 257 3
275 262 2
262 255 4
301 279 2
279 287 4
287 257 2
305 283 11
283 298 2
298 278 1
278 285 1
285 290 1
290 287 2
309 287 14
317 295 6
295 285 1
321 299 8
299 287 2
344 324 2
324 323 1
348 328 6
352 332 12
332 326 1
326 328 3
356 336 14
336 335 3
360 340 3
340 326 2
383 364 10
364 378 2
387 368 1
368 367 3
367 378 3
391 372 14
372 367 4
395 376 7
376 378 5
399 380 11
380 364 1
147 140
24 0 10
0 19 7
19 8 7
8 50 5
50 52 1
52 366 2
366 362 1
362 328 3
328 333 3
333 128 9
128 125 4
125 147 13
28 4 6
4 7 11
7 1 15
1 19 2
32 8 3
36 12 1
12 7 1
40 16 5
16 22 13
22 13 3
13 17 10
17 1 2
44 20 9
20 19 1
66 48 7
48 49 1
49 60 1
60 52 2
70 52 6
74 56 8
56 52 3
78 60 9
82 64 9
64 53 2
53 50 2
105 86 11
86 88 1
88 84 1
84 95 1
95 378 4
378 366 4
109 90 13
90 89 1
89 85 2
85 95 2
113 94 7
94 98 2
98 95 2
117 98 5
121 102 1
102 85 2
151 129 12
129 126 2
126 125 2
155 133 8
133 125 1
159 137 15
137 126 2
163 141 6
141 126 1
186 167 10
167 184 1
184 180 1
180 333 8
190 171 11
171 168 1
168 183 2
183 174 1
174 322 6
322 333 2
194 175 3
175 174 5
198 179 3
179 169 1
169 174 2
202 183 8
230 206 9
206 215 2
215 205 1
205 226 1
226 335 4
335 333 1
234 210 4
210 222 1
222 205 1
238 214 4
214 215 1
242 218 14
218 222 1
246 222 12
250 226 12
267 254 7
254 259 5
259 257 3
257 337 1
337 325 2
325 136 11
136 125 3
271 258 8
258 253 1
253 255 1
255 257 3
275 262 2
262 255 4
301 279 2
279 287 4
287 257 2
305 283 11
283 298 2
298 278 1
278 285 1
285 290 1
290 287 2
309 287 14
317 295 6
295 285 1
321 299 8
299 287 2
344 324 2
324 337 1
348 328 6
352 332 12
332 326 1
326 322 1
356 336 14
336 335 3
360 340 3
340 325 4
383 364 10
364 380 1
380 366 4
387 368 1
368 362 1
391 372 14
372 376 2
376 366 1
395 376 7
399 380 11
151 142
24 0 10
0 19 7
19 8 7
8 50 5
50 52 1
52 366 2
366 362 1
362 328 3
328 333 3
333 128 9
128 135 2
135 129 2
129 151 12
28 4 6
4 7 11
7 1 15
1 19 2
32 8 3
36 12 1
12 7 1
40 16 5
16 22 13
22 13 3
13 17 10
17 1 2
44 20 9
20 19 1
66 48 7
48 49 1
49 60 1
60 52 2
70 52 6
74 56 8
56 52 3
78 60 9
82 64 9
64 53 2
53 50 2
105 86 11
86 88 1
88 84 1
84 95 1
95 378 4
378 366 4
109 90 13
90 89 1
89 85 2
85 95 2
113 94 7
94 98 2
98 95 2
117 98 5
121 102 1
102 85 2
147 125 13
125 126 2
126 129 2
155 133 8
133 126 1
159 137 15
137 126 2
163 141 6
141 126 1
186 167 10
167 184 1
184 180 1
180 333 8
190 171 11
171 168 1
168 183 2
183 174 1
174 322 6
322 333 2
194 175 3
175 174 5
198 179 3
179 169 1
169 174 2
202 183 8
230 206 9
206 215 2
215 205 1
205 226 1
226 335 4
335 333 1
234 210 4
210 222 1
222 205 1
238 214 4
214 215 1
242 218 14
218 222 1
246 222 12
250 226 12
267 254 7
254 259 5
259 257 3
257 337 1
337 325 2
325 136 11
136 129 3
271 258 8
258 253 1
253 255 1
255 257 3
275 262 2
262 255 4
301 279 2
279 287 4
287 257 2
305 283 11
283 298 2
298 278 1
278 285 1
285 290 1
290 287 2
309 287 14
317 295 6
295 285 1
321 299 8
299 287 2
344 324 2
324 323 1
323 322 1
348 328 6
352 332 12
332 326 1
326 322 1
356 336 14
336 335 3
360 340 3
340 325 4
383 364 10
364 380 1
380 366 4
387 368 1
368 362 1
391 372 14
372 376 2
376 366 1
395 376 7
399 380 11
155 138
24 0 10
0 19 7
19 8 7
8 50 5
50 52 1
52 366 2
366 362 1
362 328 3
328 333 3
333 128 9
128 133 3
133 155 8
28 4 6
4 7 11
7 1 15
1 19 2
32 8 3
36 12 1
12 7 1
40 16 5
16 22 13
22 13 3
13 17 10
17 1 2
44 20 9
20 19 1
66 48 7
48 63 1
63 52 3
70 52 6
74 56 8
56 52 3
78 60 9
60 52 2
82 64 9
64 53 2
53 50 2
105 86 11
86 88 1
88 84 1
84 95 1
95 378 4
378 366 4
109 90 13
90 89 1
89 85 2
85 95 2
113 94 7
94 98 2
98 95 2
117 98 5
121 102 1
102 85 2
147 125 13
125 133 1
151 129 12
129 126 2
126 133 1
159 137 15
137 126 2
163 141 6
141 126 1
186 167 10
167 183 1
183 174 1
174 322 6
322 333 2
190 171 11
171 168 1
168 183 2
194 175 3
175 174 5
198 179 3
179 169 1
169 174 2
202 183 8
230 206 9
206 215 2
215 205 1
205 226 1
226 335 4
335 333 1
234 210 4
210 222 1
222 205 1
238 214 4
214 215 1
242 218 14
218 222 1
246 222 12
250 226 12
267 254 7
254 259 5
259 257 3
257 337 1
337 333 4
271 258 8
258 253 1
253 255 1
255 257 3
275 262 2
262 255 4
301 279 2
279 287 4
287 257 2
305 283 11
283 298 2
298 278 1
278 285 1
285 290 1
290 287 2
309 287 14
317 295 6
295 285 1
321 299 8
299 287 2
344 324 2
324 323 1
323 322 1
348 328 6
352 332 12
332 326 1
326 322 1
356 336 14
336 335 3
360 340 3
340 338 3
338 333 2
383 364 10
364 380 1
380 366 4
387 368 1
368 362 1
391 372 14
372 376 2
376 366 1
395 376 7
399 380 11
159 138
24 0 10
0 19 7
19 8 7
8 50 5
50 52 1
52 366 2
366 362 1
362 328 3
328 333 3
333 128 9
128 139 3
139 137 2
137 159 15
28 4 6
4 7 11
7 1 15
1 19 2
32 8 3
36 12 1
12 7 1
40 16 5
16 22 13
22 13 3
13 17 10
17 1 2
44 20 9
20 19 1
66 48 7
48 63 1
63 52 3
70 52 6
74 56 8
56 52 3
78 60 9
60 52 2
82 64 9
64 53 2
53 50 2
105 86 11
86 88 1
88 84 1
84 95 1
95 378 4
378 366 4
109 90 13
90 94 1
94 98 2
98 95 2
113 94 7
117 98 5
121 102 1
102 85 2
85 95 2
147 125 13
125 126 2
126 137 2
151 129 12
129 126 2
155 133 8
133 126 1
163 141 6
141 126 1
186 167 10
167 183 1
183 174 1
174 322 6
322 333 2
190 171 11
171 168 1
168 183 2
194 175 3
175 174 5
198 179 3
179 169 1
169 174 2
202 183 8
230 206 9
206 215 2
215 205 1
205 226 1
226 335 4
335 333 1
234 210 4
210 222 1
222 205 1
238 214 4
214 215 1
242 218 14
218 222 1
246 222 12
250 226 12
267 254 7
254 259 5
259 257 3
257 337 1
337 325 2
325 136 11
136 137 3
271 258 8
258 253 1
253 255 1
255 257 3
275 262 2
262 255 4
301 279 2
279 287 4
287 257 2
305 283 11
283 298 2
298 278 1
278 285 1
285 290 1
290 287 2
309 287 14
317 295 6
295 285 1
321 299 8
299 287 2
344 324 2
324 337 1
348 328 6
352 332 12
332 326 1
326 322 1
356 336 14
336 335 3
360 340 3
340 325 4
383 364 10
364 380 1
380 366 4
387 368 1
368 362 1
391 372 14
372 376 2
376 366 1
395 376 7
399 380 11
163 141
24 0 10
0 19 7
19 8 7
8 50 5
50 52 1
52 366 2
366 362 1
362 328 3
328 333 3
333 128 9
128 139 3
139 141 1
141 163 6
28 4 6
4 7 11
7 1 15
1 19 2
32 8 3
36 12 1
12 7 1
40 16 5
16 22 13
22 13 3
13 17 10
17 1 2
44 20 9
20 19 1
66 48 7
48 49 1
49 60 1
60 52 2
70 52 6
74 56 8
56 52 3
78 60 9
82 64 9
64 53 2
53 50 2
105 86 11
86 88 1
88 84 1
84 95 1
95 378 4
378 366 4
109 90 13
90 94 1
94 98 2
98 95 2
113 94 7
117 98 5
121 102 1
102 85 2
85 95 2
147 125 13
125 126 2
126 141 1
151 129 12
129 126 2
155 133 8
133 126 1
159 137 15
137 126 2
186 167 10
167 184 1
184 180 1
180 333 8
190 171 11
171 168 1
168 183 2
183 174 1
174 322 6
322 333 2
194 175 3
175 174 5
198 179 3
179 169 1
169 174 2
202 183 8
230 206 9
206 215 2
215 205 1
205 226 1
226 335 4
335 333 1
234 210 4
210 222 1
222 205 1
238 214 4
214 215 1
242 218 14
218 222 1
246 222 12
250 226 12
267 254 7
254 259 5
259 257 3
257 337 1
337 325 2
325 136 11
136 126 2
271 258 8
258 253 1
253 255 1
255 257 3
275 262 2
262 255 4
301 279 2
279 287 4
287 257 2
305 283 11
283 298 2
298 278 1
278 285 1
285 290 1
290 287 2
309 287 14
317 295 6
295 285 1
321 299 8
299 287 2
344 324 2
324 323 1
323 322 1
348 328 6
352 332 12
332 326 1
326 322 1
356 336 14
336 335 3
360 340 3
340 325 4
383 364 10
364 380 1
380 366 4
387 368 1
368 362 1
391 372 14
372 376 2
376 366 1
395 376 7
399 380 11
186 144
24 0 10
0 19 7
19 8 7
8 50 5
50 63 2
63 55 1
55 58 1
58 180 4
180 184 1
184 167 1
167 186 10
28 4 6
4 7 11
7 1 15
1 19 2
32 8 3
36 12 1
12 7 1
40 16 5
16 22 13
22 13 3
13 17 10
17 10 3
10 55 14
44 20 9
20 19 1
66 48 7
48 63 1
70 52 6
52 59 2
59 58 1
74 56 8
56 51 1
51 61 2
61 58 1
78 60 9
60 61 2
82 64 9
64 54 4
54 58 1
105 86 11
86 88 1
88 87 3
87 53 6
53 54 3
109 90 13
90 87 4
113 94 7
94 90 1
117 98 5
98 88 2
121 102 1
102 87 6
147 125 13
125 128 4
128 333 9
333 180 8
151 129 12
129 135 2
135 128 2
155 133 8
133 128 3
159 137 15
137 139 2
139 128 3
163 141 6
141 139 1
190 171 11
171 168 1
168 183 2
183 167 1
194 175 3
175 169 3
169 166 1
166 167 2
198 179 3
179 184 3
202 183 8
230 206 9
206 215 2
215 205 1
205 226 1
226 335 4
335 333 1
234 210 4
210 222 1
222 205 1
238 214 4
214 215 1
242 218 14
218 222 1
246 222 12
250 226 12
267 254 7
254 259 5
259 257 3
257 337 1
337 322 3
322 174 6
174 183 1
271 258 8
258 253 1
253 255 1
255 257 3
275 262 2
262 255 4
301 279 2
279 287 4
287 257 2
305 283 11
283 298 2
298 278 1
278 285 1
285 290 1
290 287 2
309 287 14
317 295 6
295 285 1
321 299 8
299 287 2
344 324 2
324 323 1
323 322 1
348 328 6
328 326 3
326 322 1
352 332 12
332 326 1
356 336 14
336 337 2
360 340 3
340 326 2
383 364 10
364 380 1
380 366 4
366 52 2
387 368 1
368 362 1
362 366 1
391 372 14
372 376 2
376 366 1
395 376 7
399 380 11
190 144
24 0 10
0 19 7
19 8 7
8 50 5
50 63 2
63 55 1
55 58 1
58 180 4
180 184 1
184 166 2
166 168 1
168 171 1
171 190 11
28 4 6
4 7 11
7 1 15
1 19 2
32 8 3
36 12 1
12 7 1
40 16 5
16 22 13
22 13 3
13 17 10
17 10 3
10 55 14
44 20 9
20 19 1
66 48 7
48 63 1
70 52 6
52 59 2
59 58 1
74 56 8
56 51 1
51 61 2
61 58 1
78 60 9
60 61 2
82 64 9
64 54 4
54 58 1
105 86 11
86 88 1
88 87 3
87 53 6
53 54 3
109 90 13
90 87 4
113 94 7
94 90 1
117 98 5
98 88 2
121 102 1
102 87 6
147 125 13
125 128 4
128 333 9
333 322 2
322 174 6
174 183 1
183 168 2
151 129 12
129 135 2
135 128 2
155 133 8
133 128 3
159 137 15
137 139 2
139 128 3
163 141 6
141 139 1
186 167 10
167 166 2
194 175 3
175 168 5
198 179 3
179 169 1
169 166 1
202 183 8
230 206 9
206 215 2
215 205 1
205 226 1
226 335 4
335 333 1
234 210 4
210 222 1
222 205 1
238 214 4
214 215 1
242 218 14
218 222 1
246 222 12
250 226 12
267 254 7
254 259 5
259 257 3
257 337 1
337 322 3
271 258 8
258 253 1
253 255 1
255 257 3
275 262 2
262 255 4
301 279 2
279 287 4
287 257 2
305 283 11
283 298 2
298 278 1
278 285 1
285 290 1
290 287 2
309 287 14
317 295 6
295 285 1
321 299 8
299 287 2
344 324 2
324 323 1
323 322 1
348 328 6
328 326 3
326 322 1
352 332 12
332 326 1
356 336 14
336 337 2
360 340 3
340 326 2
383 364 10
364 380 1
380 366 4
366 52 2
387 368 1
368 362 1
362 366 1
391 372 14
372 376 2
376 366 1
395 376 7
399 380 11
194 144
24 0 10
0 19 7
19 8 7
8 50 5
50 63 2
63 55 1
55 58 1
58 180 4
180 174 1
174 175 5
175 194 3
28 4 6
4 7 11
7 1 15
1 19 2
32 8 3
36 12 1
12 7 1
40 16 5
16 22 13
22 13 3
13 17 10
17 10 3
10 55 14
44 20 9
20 19 1
66 48 7
48 63 1
70 52 6
52 59 2
59 58 1
74 56 8
56 51 1
51 61 2
61 58 1
78 60 9
60 61 2
82 64 9
64 54 4
54 58 1
105 86 11
86 88 1
88 87 3
87 53 6
53 54 3
109 90 13
90 87 4
113 94 7
94 90 1
117 98 5
98 88 2
121 102 1
102 87 6
147 125 13
125 128 4
128 333 9
333 322 2
322 174 6
151 129 12
129 135 2
135 128 2
155 133 8
133 128 3
159 137 15
137 139 2
139 128 3
163 141 6
141 139 1
186 167 10
167 166 2
166 169 1
169 175 3
190 171 11
171 168 1
168 175 5
198 179 3
179 178 1
178 175 2
202 183 8
183 175 6
230 206 9
206 215 2
215 205 1
205 226 1
226 335 4
335 333 1
234 210 4
210 222 1
222 205 1
238 214 4
214 215 1
242 218 14
218 222 1
246 222 12
250 226 12
267 254 7
254 259 5
259 257 3
257 337 1
337 322 3
271 258 8
258 253 1
253 255 1
255 257 3
275 262 2
262 255 4
301 279 2
279 287 4
287 257 2
305 283 11
283 298 2
298 278 1
278 285 1
285 290 1
290 287 2
309 287 14
317 295 6
295 285 1
321 299 8
299 287 2
344 324 2
324 323 1
323 322 1
348 328 6
328 326 3
326 322 1
352 332 12
332 326 1
356 336 14
336 337 2
360 340 3
340 326 2
383 364 10
364 380 1
380 366 4
366 52 2
387 368 1
368 362 1
362 366 1
391 372 14
372 376 2
376 366 1
395 376 7
399 380 11
198 146
24 0 10
0 19 7
19 8 7
8 50 5
50 63 2
63 55 1
55 58 1
58 180 4
180 174 1
174 169 2
169 179 1
179 198 3
28 4 6
4 7 11
7 1 15
1 19 2
32 8 3
36 12 1
12 7 1
40 16 5
16 22 13
22 13 3
13 17 10
17 10 3
10 55 14
44 20 9
20 19 1
66 48 7
48 63 1
70 52 6
52 59 2
59 58 1
74 56 8
56 51 1
51 61 2
61 58 1
78 60 9
60 61 2
82 64 9
64 54 4
54 58 1
105 86 11
86 88 1
88 87 3
87 53 6
53 54 3
109 90 13
90 87 4
113 94 7
94 90 1
117 98 5
98 95 2
95 378 4
378 366 4
366 52 2
121 102 1
102 87 6
147 125 13
125 128 4
128 333 9
333 322 2
322 174 6
151 129 12
129 135 2
135 128 2
155 133 8
133 128 3
159 137 15
137 139 2
139 128 3
163 141 6
141 139 1
186 167 10
167 166 2
166 169 1
190 171 11
171 168 1
168 166 1
194 175 3
175 178 2
178 179 1
202 183 8
183 174 1
230 206 9
206 215 2
215 205 1
205 226 1
226 335 4
335 333 1
234 210 4
210 222 1
222 205 1
238 214 4
214 215 1
242 218 14
218 222 1
246 222 12
250 226 12
267 254 7
254 259 5
259 257 3
257 337 1
337 322 3
271 258 8
258 253 1
253 255 1
255 257 3
275 262 2
262 255 4
301 279 2
279 287 4
287 257 2
305 283 11
283 298 2
298 278 1
278 285 1
285 290 1
290 287 2
309 287 14
317 295 6
295 285 1
321 299 8
299 287 2
344 324 2
324 323 1
323 322 1
348 328 6
328 326 3
326 322 1
352 332 12
332 326 1
356 336 14
336 337 2
360 340 3
340 326 2
383 364 10
364 380 1
380 366 4
387 368 1
368 362 1
362 366 1
391 372 14
372 376 2
376 366 1
395 376 7
399 380 11
202 144
24 0 10
0 19 7
19 8 7
8 50 5
50 63 2
63 55 1
55 58 1
58 180 4
180 174 1
174 183 1
183 202 8
28 4 6
4 7 11
7 1 15
1 19 2
32 8 3
36 12 1
12 7 1
40 16 5
16 22 13
22 13 3
13 17 10
17 10 3
10 55 14
44 20 9
20 19 1
66 48 7
48 63 1
70 52 6
52 59 2
59 58 1
74 56 8
56 51 1
51 61 2
61 58 1
78 60 9
60 61 2
82 64 9
64 54 4
54 58 1
105 86 11
86 88 1
88 87 3
87 53 6
53 54 3
109 90 13
90 87 4
113 94 7
94 90 1
117 98 5
98 95 2
95 378 4
378 366 4
366 52 2
121 102 1
102 87 6
147 125 13
125 128 4
128 333 9
333 322 2
322 174 6
151 129 12
129 135 2
135 128 2
155 133 8
133 128 3
159 137 15
137 139 2
139 128 3
163 141 6
141 139 1
186 167 10
167 183 1
190 171 11
171 168 1
168 183 2
194 175 3
175 183 6
198 179 3
179 169 1
169 174 2
230 206 9
206 215 2
215 205 1
205 226 1
226 335 4
335 333 1
234 210 4
210 222 1
222 205 1
238 214 4
214 215 1
242 218 14
218 222 1
246 222 12
250 226 12
267 254 7
254 259 5
259 257 3
257 337 1
337 322 3
271 258 8
258 253 1
253 255 1
255 257 3
275 262 2
262 255 4
301 279 2
279 287 4
287 257 2
305 283 11
283 298 2
298 278 1
278 285 1
285 290 1
290 287 2
309 287 14
317 295 6
295 285 1
321 299 8
299 287 2
344 324 2
324 323 1
323 322 1
348 328 6
328 326 3
326 322 1
352 332 12
332 326 1
356 336 14
336 337 2
360 340 3
340 326 2
383 364 10
364 380 1
380 366 4
387 368 1
368 362 1
362 366 1
391 372 14
372 376 2
376 366 1
395 376 7
399 380 11
230 143
24 0 10
0 19 7
19 8 7
8 50 5
50 52 1
52 366 2
366 362 1
362 328 3
328 333 3
333 335 1
335 226 4
226 212 2
212 206 2
206 230 9
28 4 6
4 7 11
7 1 15
1 19 2
32 8 3
36 12 1
12 7 1
40 16 5
16 22 13
22 13 3
13 17 10
17 1 2
44 20 9
20 19 1
66 48 7
48 49 1
49 60 1
60 52 2
70 52 6
74 56 8
56 52 3
78 60 9
82 64 9
64 53 2
53 50 2
105 86 11
86 88 1
88 84 1
84 95 1
95 378 4
378 366 4
109 90 13
90 94 1
94 98 2
98 95 2
113 94 7
117 98 5
121 102 1
102 85 2
85 95 2
147 125 13
125 128 4
128 333 9
151 129 12
129 135 2
135 128 2
155 133 8
133 128 3
159 137 15
137 139 2
139 128 3
163 141 6
141 139 1
186 167 10
167 184 1
184 180 1
180 333 8
190 171 11
171 168 1
168 183 2
183 174 1
174 322 6
322 333 2
194 175 3
175 174 5
198 179 3
179 169 1
169 174 2
202 183 8
234 210 4
210 213 1
213 225 1
225 221 1
221 206 1
238 214 4
214 215 1
215 206 2
242 218 14
218 217 2
217 221 1
246 222 12
222 205 1
205 215 1
250 226 12
267 254 7
254 259 5
259 257 3
257 337 1
337 333 4
271 258 8
258 253 1
253 255 1
255 257 3
275 262 2
262 255 4
301 279 2
279 284 2
284 293 2
293 225 6
305 283 11
283 284 3
309 287 14
287 299 2
299 288 2
288 293 1
317 295 6
295 293 3
321 299 8
344 324 2
324 335 4
348 328 6
352 332 12
332 326 1
326 329 1
329 335 2
356 336 14
336 335 3
360 340 3
340 329 3
383 364 10
364 380 1
380 366 4
387 368 1
368 362 1
391 372 14
372 376 2
376 366 1
395 376 7
399 380 11
234 141
24 0 10
0 19 7
19 8 7
8 50 5
50 52 1
52 366 2
366 362 1
362 328 3
328 333 3
333 335 1
335 226 4
226 205 1
205 222 1
222 210 1
210 234 4
28 4 6
4 7 11
7 1 15
1 19 2
32 8 3
36 12 1
12 7 1
40 16 5
16 22 13
22 13 3
13 17 10
17 1 2
44 20 9
20 19 1
66 48 7
48 49 1
49 60 1
60 52 2
70 52 6
74 56 8
56 52 3
78 60 9
82 64 9
64 53 2
53 50 2
105 86 11
86 88 1
88 84 1
84 95 1
95 378 4
378 366 4
109 90 13
90 94 1
94 98 2
98 95 2
113 94 7
117 98 5
121 102 1
102 85 2
85 95 2
147 125 13
125 128 4
128 333 9
151 129 12
129 135 2
135 128 2
155 133 8
133 128 3
159 137 15
137 139 2
139 128 3
163 141 6
141 139 1
186 167 10
167 184 1
184 180 1
180 333 8
190 171 11
171 168 1
168 183 2
183 174 1
174 322 6
322 333 2
194 175 3
175 174 5
198 179 3
179 169 1
169 174 2
202 183 8
230 206 9
206 221 1
221 225 1
225 213 1
213 210 1
238 214 4
214 215 1
215 205 1
242 218 14
218 210 2
246 222 12
250 226 12
267 254 7
254 259 5
259 257 3
257 337 1
337 333 4
271 258 8
258 253 1
253 255 1
255 257 3
275 262 2
262 255 4
301 279 2
279 284 2
284 293 2
293 225 6
305 283 11
283 284 3
309 287 14
287 299 2
299 288 2
288 293 1
317 295 6
295 293 3
321 299 8
344 324 2
324 335 4
348 328 6
352 332 12
332 326 1
326 329 1
329 335 2
356 336 14
336 335 3
360 340 3
340 329 3
383 364 10
364 380 1
380 366 4
387 368 1
368 362 1
391 372 14
372 376 2
376 366 1
395 376 7
399 380 11
238 138
24 0 10
0 19 7
19 8 7
8 50 5
50 52 1
52 366 2
366 362 1
362 328 3
328 333 3
333 335 1
335 226 4
226 205 1
205 215 1
215 214 1
214 238 4
28 4 6
4 7 11
7 1 15
1 19 2
32 8 3
36 12 1
12 7 1
40 16 5
16 22 13
22 13 3
13 17 10
17 1 2
44 20 9
20 19 1
66 48 7
48 49 1
49 60 1
60 52 2
70 52 6
74 56 8
56 52 3
78 60 9
82 64 9
64 53 2
53 50 2
105 86 11
86 88 1
88 84 1
84 95 1
95 378 4
378 366 4
109 90 13
90 89 1
89 85 2
85 95 2
113 94 7
94 98 2
98 95 2
117 98 5
121 102 1
102 85 2
147 125 13
125 128 4
128 333 9
151 129 12
129 135 2
135 128 2
155 133 8
133 128 3
159 137 15
137 139 2
139 128 3
163 141 6
141 139 1
186 167 10
167 183 1
183 174 1
174 322 6
322 333 2
190 171 11
171 168 1
168 183 2
194 175 3
175 174 5
198 179 3
179 169 1
169 174 2
202 183 8
230 206 9
206 215 2
234 210 4
210 222 1
222 205 1
242 218 14
218 222 1
246 222 12
250 226 12
267 254 7
254 259 5
259 257 3
257 337 1
337 333 4
271 258 8
258 253 1
253 255 1
255 257 3
275 262 2
262 255 4
301 279 2
279 284 2
284 293 2
293 225 6
225 214 4
305 283 11
283 284 3
309 287 14
287 299 2
299 288 2
288 293 1
317 295 6
295 293 3
321 299 8
344 324 2
324 335 4
348 328 6
352 332 12
332 326 1
326 329 1
329 335 2
356 336 14
336 335 3
360 340 3
340 329 3
383 364 10
364 380 1
380 366 4
387 368 1
368 362 1
391 372 14
372 376 2
376 366 1
395 376 7
399 380 11
242 143
24 0 10
0 19 7
19 8 7
8 50 5
50 52 1
52 366 2
366 362 1
362 328 3
328 333 3
333 335 1
335 226 4
226 205 1
205 222 1
222 218 1
218 242 14
28 4 6
4 7 11
7 1 15
1 19 2
32 8 3
36 12 1
12 7 1
40 16 5
16 22 13
22 13 3
13 17 10
17 1 2
44 20 9
20 19 1
66 48 7
48 49 1
49 60 1
60 52 2
70 52 6
74 56 8
56 52 3
78 60 9
82 64 9
64 53 2
53 50 2
105 86 11
86 88 1
88 84 1
84 95 1
95 378 4
378 366 4
109 90 13
90 89 1
89 85 2
85 95 2
113 94 7
94 98 2
98 95 2
117 98 5
121 102 1
102 85 2
147 125 13
125 128 4
128 333 9
151 129 12
129 135 2
135 128 2
155 133 8
133 128 3
159 137 15
137 139 2
139 128 3
163 141 6
141 139 1
186 167 10
167 184 1
184 180 1
180 333 8
190 171 11
171 168 1
168 183 2
183 174 1
174 322 6
322 333 2
194 175 3
175 174 5
198 179 3
179 169 1
169 174 2
202 183 8
230 206 9
206 221 1
221 217 1
217 218 2
234 210 4
210 218 2
238 214 4
214 215 1
215 205 1
246 222 12
250 226 12
267 254 7
254 259 5
259 257 3
257 337 1
337 333 4
271 258 8
258 253 1
253 255 1
255 257 3
275 262 2
262 255 4
301 279 2
279 284 2
284 293 2
293 225 6
225 224 2
224 218 2
305 283 11
283 284 3
309 287 14
287 299 2
299 288 2
288 293 1
317 295 6
295 293 3
321 299 8
344 324 2
324 335 4
348 328 6
352 332 12
332 326 1
326 329 1
329 335 2
356 336 14
336 335 3
360 340 3
340 329 3
383 364 10
364 380 1
380 366 4
387 368 1
368 362 1
391 372 14
372 376 2
376 366 1
395 376 7
399 380 11
246 141
24 0 10
0 19 7
19 8 7
8 50 5
50 52 1
52 366 2
366 362 1
362 328 3
328 333 3
333 335 1
335 226 4
226 205 1
205 222 1
222 246 12
28 4 6
4 7 11
7 1 15
1 19 2
32 8 3
36 12 1
12 7 1
40 16 5
16 22 13
22 13 3
13 17 10
17 1 2
44 20 9
20 19 1
66 48 7
48 49 1
49 60 1
60 52 2
70 52 6
74 56 8
56 52 3
78 60 9
82 64 9
64 53 2
53 50 2
105 86 11
86 88 1
88 84 1
84 95 1
95 378 4
378 366 4
109 90 13
90 89 1
89 85 2
85 95 2
113 94 7
94 98 2
98 95 2
117 98 5
121 102 1
102 85 2
147 125 13
125 128 4
128 333 9
151 129 12
129 135 2
135 128 2
155 133 8
133 128 3
159 137 15
137 139 2
139 128 3
163 141 6
141 139 1
186 167 10
167 184 1
184 180 1
180 333 8
190 171 11
171 168 1
168 183 2
183 174 1
174 322 6
322 333 2
194 175 3
175 174 5
198 179 3
179 169 1
169 174 2
202 183 8
230 206 9
206 215 2
215 205 1
234 210 4
210 222 1
238 214 4
214 215 1
242 218 14
218 222 1
250 226 12
267 254 7
254 259 5
259 257 3
257 337 1
337 333 4
271 258 8
258 253 1
253 255 1
255 257 3
275 262 2
262 255 4
301 279 2
279 284 2
284 293 2
293 225 6
225 213 1
213 210 1
305 283 11
283 284 3
309 287 14
287 299 2
299 288 2
288 293 1
317 295 6
295 293 3
321 299 8
344 324 2
324 335 4
348 328 6
352 332 12
332 326 1
326 329 1
329 335 2
356 336 14
336 335 3
360 340 3
340 329 3
383 364 10
364 380 1
380 366 4
387 368 1
368 362 1
391 372 14
372 376 2
376 366 1
395 376 7
399 380 11
250 140
24 0 10
0 19 7
19 8 7
8 50 5
50 52 1
52 366 2
366 362 1
362 328 3
328 333 3
333 335 1
335 226 4
226 250 12
28 4 6
4 7 11
7 1 15
1 19 2
32 8 3
36 12 1
12 7 1
40 16 5
16 22 13
22 13 3
13 17 10
17 1 2
44 20 9
20 19 1
66 48 7
48 63 1
63 52 3
70 52 6
74 56 8
56 52 3
78 60 9
60 52 2
82 64 9
64 53 2
53 50 2
105 86 11
86 88 1
88 84 1
84 95 1
95 378 4
378 366 4
109 90 13
90 94 1
94 98 2
98 95 2
113 94 7
117 98 5
121 102 1
102 85 2
85 95 2
147 125 13
125 128 4
128 333 9
151 129 12
129 135 2
135 128 2
155 133 8
133 128 3
159 137 15
137 139 2
139 128 3
163 141 6
141 139 1
186 167 10
167 184 1
184 180 1
180 333 8
190 171 11
171 168 1
168 183 2
183 174 1
174 322 6
322 333 2
194 175 3
175 174 5
198 179 3
179 169 1
169 174 2
202 183 8
230 206 9
206 215 2
215 205 1
205 226 1
234 210 4
210 222 1
222 205 1
238 214 4
214 215 1
242 218 14
218 222 1
246 222 12
267 254 7
254 259 5
259 257 3
257 337 1
337 333 4
271 258 8
258 253 1
253 255 1
255 257 3
275 262 2
262 255 4
301 279 2
279 284 2
284 293 2
293 225 6
225 219 2
219 205 1
305 283 11
283 284 3
309 287 14
287 257 2
317 295 6
295 293 3
321 299 8
299 288 2
288 293 1
344 324 2
324 335 4
348 328 6
352 332 12
332 326 1
326 329 1
329 335 2
356 336 14
336 335 3
360 340 3
340 329 3
383 364 10
364 380 1
380 366 4
387 368 1
368 362 1
391 372 14
372 376 2
376 366 1
395 376 7
399 380 11
267 138
24 0 10
0 19 7
19 8 7
8 50 5
50 52 1
52 366 2
366 362 1
362 328 3
328 341 1
341 323 2
323 337 2
337 257 1
257 255 3
255 262 4
262 254 1
254 267 7
28 4 6
4 7 11
7 1 15
1 19 2
32 8 3
36 12 1
12 7 1
40 16 5
16 22 13
22 13 3
13 17 10
17 1 2
44 20 9
20 19 1
66 48 7
48 49 1
49 60 1
60 52 2
70 52 6
74 56 8
56 52 3
78 60 9
82 64 9
64 53 2
53 50 2
105 86 11
86 88 1
88 84 1
84 95 1
95 378 4
378 366 4
109 90 13
90 94 1
94 98 2
98 95 2
113 94 7
117 98 5
121 102 1
102 85 2
85 95 2
147 125 13
125 136 3
136 325 11
325 337 2
151 129 12
129 136 3
155 133 8
133 128 3
128 333 9
333 337 4
159 137 15
137 136 3
163 141 6
141 126 1
126 136 2
186 167 10
167 183 1
183 174 1
174 322 6
322 337 3
190 171 11
171 168 1
168 183 2
194 175 3
175 174 5
198 179 3
179 169 1
169 174 2
202 183 8
230 206 9
206 212 2
212 226 2
226 335 4
335 324 4
324 337 1
234 210 4
210 222 1
222 205 1
205 226 1
238 214 4
214 215 1
215 205 1
242 218 14
218 222 1
246 222 12
250 226 12
271 258 8
258 263 6
263 254 1
275 262 2
301 279 2
279 287 4
287 257 2
305 283 11
283 298 2
298 278 1
278 285 1
285 290 1
290 287 2
309 287 14
317 295 6
295 285 1
321 299 8
299 287 2
344 324 2
348 328 6
352 332 12
332 337 3
356 336 14
336 337 2
360 340 3
340 325 4
383 364 10
364 380 1
380 366 4
387 368 1
368 362 1
391 372 14
372 376 2
376 366 1
395 376 7
399 380 11
271 139
24 0 10
0 19 7
19 8 7
8 50 5
50 52 1
52 366 2
366 362 1
362 328 3
328 341 1
341 323 2
323 337 2
337 257 1
257 255 3
255 253 1
253 258 1
258 271 8
28 4 6
4 7 11
7 1 15
1 19 2
32 8 3
36 12 1
12 7 1
40 16 5
16 22 13
22 13 3
13 17 10
17 1 2
44 20 9
20 19 1
66 48 7
48 49 1
49 60 1
60 52 2
70 52 6
74 56 8
56 52 3
78 60 9
82 64 9
64 53 2
53 50 2
105 86 11
86 88 1
88 84 1
84 95 1
95 378 4
378 366 4
109 90 13
90 94 1
94 98 2
98 95 2
113 94 7
117 98 5
121 102 1
102 85 2
85 95 2
147 125 13
125 136 3
136 325 11
325 337 2
151 129 12
129 136 3
155 133 8
133 128 3
128 333 9
333 337 4
159 137 15
137 136 3
163 141 6
141 126 1
126 136 2
186 167 10
167 183 1
183 174 1
174 322 6
322 337 3
190 171 11
171 168 1
168 183 2
194 175 3
175 174 5
198 179 3
179 169 1
169 174 2
202 183 8
230 206 9
206 212 2
212 226 2
226 335 4
335 324 4
324 337 1
234 210 4
210 222 1
222 205 1
205 226 1
238 214 4
214 215 1
215 205 1
242 218 14
218 222 1
246 222 12
250 226 12
267 254 7
254 260 6
260 258 1
275 262 2
262 255 4
301 279 2
279 287 4
287 257 2
305 283 11
283 298 2
298 278 1
278 285 1
285 290 1
290 287 2
309 287 14
317 295 6
295 285 1
321 299 8
299 287 2
344 324 2
348 328 6
352 332 12
332 337 3
356 336 14
336 337 2
360 340 3
340 325 4
383 364 10
364 380 1
380 366 4
387 368 1
368 362 1
391 372 14
372 376 2
376 366 1
395 376 7
399 380 11
275 139
24 0 10
0 19 7
19 8 7
8 50 5
50 52 1
52 366 2
366 362 1
362 328 3
328 341 1
341 323 2
323 337 2
337 257 1
257 255 3
255 262 4
262 275 2
28 4 6
4 7 11
7 1 15
1 19 2
32 8 3
36 12 1
12 7 1
40 16 5
16 22 13
22 13 3
13 17 10
17 1 2
44 20 9
20 19 1
66 48 7
48 49 1
49 60 1
60 52 2
70 52 6
74 56 8
56 52 3
78 60 9
82 64 9
64 53 2
53 50 2
105 86 11
86 88 1
88 84 1
84 95 1
95 378 4
378 366 4
109 90 13
90 89 1
89 85 2
85 95 2
113 94 7
94 98 2
98 95 2
117 98 5
121 102 1
102 85 2
147 125 13
125 136 3
136 325 11
325 337 2
151 129 12
129 136 3
155 133 8
133 128 3
128 333 9
333 337 4
159 137 15
137 136 3
163 141 6
141 126 1
126 136 2
186 167 10
167 183 1
183 174 1
174 322 6
322 337 3
190 171 11
171 168 1
168 183 2
194 175 3
175 174 5
198 179 3
179 169 1
169 174 2
202 183 8
230 206 9
206 212 2
212 226 2
226 335 4
335 324 4
324 337 1
234 210 4
210 222 1
222 205 1
205 226 1
238 214 4
214 215 1
215 205 1
242 218 14
218 222 1
246 222 12
250 226 12
267 254 7
254 262 1
271 258 8
258 253 1
253 255 1
301 279 2
279 287 4
287 257 2
305 283 11
283 298 2
298 278 1
278 285 1
285 290 1
290 287 2
309 287 14
317 295 6
295 285 1
321 299 8
299 287 2
344 324 2
348 328 6
352 332 12
332 337 3
356 336 14
336 337 2
360 340 3
340 325 4
383 364 10
364 380 1
380 366 4
387 368 1
368 362 1
391 372 14
372 376 2
376 366 1
395 376 7
399 380 11
301 139
24 0 10
0 19 7
19 8 7
8 50 5
50 52 1
52 366 2
366 362 1
362 328 3
328 341 1
341 323 2
323 337 2
337 257 1
257 287 2
287 279 4
279 301 2
28 4 6
4 7 11
7 1 15
1 19 2
32 8 3
36 12 1
12 7 1
40 16 5
16 22 13
22 13 3
13 17 10
17 1 2
44 20 9
20 19 1
66 48 7
48 63 1
63 52 3
70 52 6
74 56 8
56 52 3
78 60 9
60 52 2
82 64 9
64 53 2
53 50 2
105 86 11
86 88 1
88 84 1
84 95 1
95 378 4
378 366 4
109 90 13
90 89 1
89 85 2
85 95 2
113 94 7
94 98 2
98 95 2
117 98 5
121 102 1
102 85 2
147 125 13
125 136 3
136 325 11
325 337 2
151 129 12
129 136 3
155 133 8
133 128 3
128 333 9
333 337 4
159 137 15
137 136 3
163 141 6
141 126 1
126 136 2
186 167 10
167 183 1
183 174 1
174 322 6
322 337 3
190 171 11
171 168 1
168 183 2
194 175 3
175 174 5
198 179 3
179 169 1
169 174 2
202 183 8
230 206 9
206 221 1
221 225 1
225 293 6
293 284 2
284 279 2
234 210 4
210 213 1
213 225 1
238 214 4
214 225 4
242 218 14
218 210 2
246 222 12
222 210 1
250 226 12
226 212 2
212 225 2
267 254 7
254 259 5
259 257 3
271 258 8
258 253 1
253 255 1
255 257 3
275 262 2
262 255 4
305 283 11
283 284 3
309 287 14
317 295 6
295 286 1
286 279 1
321 299 8
299 284 3
344 324 2
324 337 1
348 328 6
352 332 12
332 337 3
356 336 14
336 337 2
360 340 3
340 325 4
383 364 10
364 380 1
380 366 4
387 368 1
368 362 1
391 372 14
372 376 2
376 366 1
395 376 7
399 380 11
305 142
24 0 10
0 19 7
19 8 7
8 50 5
50 52 1
52 366 2
366 362 1
362 328 3
328 341 1
341 323 2
323 337 2
337 257 1
257 287 2
287 290 2
290 285 1
285 278 1
278 298 1
298 283 2
283 305 11
28 4 6
4 7 11
7 1 15
1 19 2
32 8 3
36 12 1
12 7 1
40 16 5
16 22 13
22 13 3
13 17 10
17 1 2
44 20 9
20 19 1
66 48 7
48 49 1
49 60 1
60 52 2
70 52 6
74 56 8
56 52 3
78 60 9
82 64 9
64 53 2
53 50 2
105 86 11
86 88 1
88 84 1
84 95 1
95 378 4
378 366 4
109 90 13
90 89 1
89 85 2
85 95 2
113 94 7
94 98 2
98 95 2
117 98 5
121 102 1
102 85 2
147 125 13
125 136 3
136 325 11
325 337 2
151 129 12
129 136 3
155 133 8
133 128 3
128 333 9
333 337 4
159 137 15
137 136 3
163 141 6
141 126 1
126 136 2
186 167 10
167 183 1
183 174 1
174 322 6
322 337 3
190 171 11
171 168 1
168 183 2
194 175 3
175 174 5
198 179 3
179 169 1
169 174 2
202 183 8
230 206 9
206 221 1
221 225 1
225 293 6
293 298 3
234 210 4
210 213 1
213 225 1
238 214 4
214 225 4
242 218 14
218 210 2
246 222 12
222 210 1
250 226 12
226 212 2
212 225 2
267 254 7
254 259 5
259 257 3
271 258 8
258 253 1
253 255 1
255 257 3
275 262 2
262 255 4
301 279 2
279 284 2
284 283 3
309 287 14
317 295 6
295 298 3
321 299 8
299 284 3
344 324 2
324 337 1
348 328 6
352 332 12
332 337 3
356 336 14
336 337 2
360 340 3
340 325 4
383 364 10
364 380 1
380 366 4
387 368 1
368 362 1
391 372 14
372 376 2
376 366 1
395 376 7
399 380 11
309 144
24 0 10
0 19 7
19 8 7
8 50 5
50 52 1
52 366 2
366 362 1
362 328 3
328 341 1
341 323 2
323 337 2
337 257 1
257 287 2
287 309 14
28 4 6
4 7 11
7 1 15
1 19 2
32 8 3
36 12 1
12 7 1
40 16 5
16 22 13
22 13 3
13 17 10
17 1 2
44 20 9
20 19 1
66 48 7
48 49 1
49 60 1
60 52 2
70 52 6
74 56 8
56 52 3
78 60 9
82 64 9
64 53 2
53 50 2
105 86 11
86 88 1
88 84 1
84 95 1
95 378 4
378 366 4
109 90 13
90 89 1
89 85 2
85 95 2
113 94 7
94 98 2
98 95 2
117 98 5
121 102 1
102 85 2
147 125 13
125 136 3
136 325 11
325 337 2
151 129 12
129 136 3
155 133 8
133 128 3
128 333 9
333 337 4
159 137 15
137 136 3
163 141 6
141 126 1
126 136 2
186 167 10
167 183 1
183 174 1
174 322 6
322 337 3
190 171 11
171 168 1
168 183 2
194 175 3
175 174 5
198 179 3
179 169 1
169 174 2
202 183 8
230 206 9
206 221 1
221 225 1
225 293 6
293 288 1
288 299 2
299 287 2
234 210 4
210 213 1
213 225 1
238 214 4
214 225 4
242 218 14
218 224 2
224 225 2
246 222 12
222 205 1
205 226 1
226 335 4
335 324 4
324 337 1
250 226 12
267 254 7
254 259 5
259 257 3
271 258 8
258 253 1
253 255 1
255 257 3
275 262 2
262 255 4
301 279 2
279 287 4
305 283 11
283 298 2
298 278 1
278 285 1
285 290 1
290 287 2
317 295 6
295 285 1
321 299 8
344 324 2
348 328 6
352 332 12
332 337 3
356 336 14
336 337 2
360 340 3
340 325 4
383 364 10
364 380 1
380 366 4
387 368 1
368 362 1
391 372 14
372 376 2
376 366 1
395 376 7
399 380 11
317 141
24 0 10
0 19 7
19 8 7
8 50 5
50 52 1
52 366 2
366 362 1
362 328 3
328 341 1
341 323 2
323 337 2
337 257 1
257 287 2
287 290 2
290 285 1
285 295 1
295 317 6
28 4 6
4 7 11
7 1 15
1 19 2
32 8 3
36 12 1
12 7 1
40 16 5
16 22 13
22 13 3
13 17 10
17 1 2
44 20 9
20 19 1
66 48 7
48 63 1
63 52 3
70 52 6
74 56 8
56 52 3
78 60 9
60 52 2
82 64 9
64 53 2
53 50 2
105 86 11
86 88 1
88 84 1
84 95 1
95 378 4
378 366 4
109 90 13
90 89 1
89 85 2
85 95 2
113 94 7
94 98 2
98 95 2
117 98 5
121 102 1
102 85 2
147 125 13
125 136 3
136 325 11
325 337 2
151 129 12
129 136 3
155 133 8
133 128 3
128 333 9
333 337 4
159 137 15
137 136 3
163 141 6
141 126 1
126 136 2
186 167 10
167 183 1
183 174 1
174 322 6
322 337 3
190 171 11
171 168 1
168 183 2
194 175 3
175 174 5
198 179 3
179 169 1
169 174 2
202 183 8
230 206 9
206 221 1
221 225 1
225 293 6
293 295 3
234 210 4
210 213 1
213 225 1
238 214 4
214 225 4
242 218 14
218 210 2
246 222 12
222 210 1
250 226 12
226 212 2
212 225 2
267 254 7
254 259 5
259 257 3
271 258 8
258 253 1
253 255 1
255 257 3
275 262 2
262 255 4
301 279 2
279 286 1
286 295 1
305 283 11
283 298 2
298 295 3
309 287 14
321 299 8
299 290 3
344 324 2
324 337 1
348 328 6
352 332 12
332 337 3
356 336 14
336 337 2
360 340 3
340 325 4
383 364 10
364 380 1
380 366 4
387 368 1
368 362 1
391 372 14
372 376 2
376 366 1
395 376 7
399 380 11
321 141
24 0 10
0 19 7
19 8 7
8 50 5
50 52 1
52 366 2
366 362 1
362 328 3
328 341 1
341 323 2
323 337 2
337 257 1
257 287 2
287 299 2
299 321 8
28 4 6
4 7 11
7 1 15
1 19 2
32 8 3
36 12 1
12 7 1
40 16 5
16 22 13
22 13 3
13 17 10
17 1 2
44 20 9
20 19 1
66 48 7
48 49 1
49 60 1
60 52 2
70 52 6
74 56 8
56 52 3
78 60 9
82 64 9
64 53 2
53 50 2
105 86 11
86 88 1
88 84 1
84 95 1
95 378 4
378 366 4
109 90 13
90 89 1
89 85 2
85 95 2
113 94 7
94 98 2
98 95 2
117 98 5
121 102 1
102 85 2
147 125 13
125 136 3
136 325 11
325 337 2
151 129 12
129 136 3
155 133 8
133 128 3
128 333 9
333 337 4
159 137 15
137 136 3
163 141 6
141 126 1
126 136 2
186 167 10
167 183 1
183 174 1
174 322 6
322 337 3
190 171 11
171 168 1
168 183 2
194 175 3
175 174 5
198 179 3
179 169 1
169 174 2
202 183 8
230 206 9
206 221 1
221 225 1
225 293 6
293 288 1
288 299 2
234 210 4
210 213 1
213 225 1
238 214 4
214 225 4
242 218 14
218 210 2
246 222 12
222 210 1
250 226 12
226 212 2
212 225 2
267 254 7
254 259 5
259 257 3
271 258 8
258 253 1
253 255 1
255 257 3
275 262 2
262 255 4
301 279 2
279 284 2
284 299 3
305 283 11
283 284 3
309 287 14
317 295 6
295 285 1
285 290 1
290 299 3
344 324 2
324 337 1
348 328 6
352 332 12
332 337 3
356 336 14
336 337 2
360 340 3
340 325 4
383 364 10
364 380 1
380 366 4
387 368 1
368 362 1
391 372 14
372 376 2
376 366 1
395 376 7
399 380 11
344 139
24 0 10
0 19 7
19 8 7
8 50 5
50 52 1
52 366 2
366 362 1
362 328 3
328 341 1
341 323 2
323 324 1
324 344 2
28 4 6
4 7 11
7 1 15
1 19 2
32 8 3
36 12 1
12 7 1
40 16 5
16 22 13
22 13 3
13 17 10
17 1 2
44 20 9
20 19 1
66 48 7
48 63 1
63 52 3
70 52 6
74 56 8
56 52 3
78 60 9
60 52 2
82 64 9
64 53 2
53 50 2
105 86 11
86 88 1
88 84 1
84 95 1
95 378 4
378 366 4
109 90 13
90 94 1
94 98 2
98 95 2
113 94 7
117 98 5
121 102 1
102 85 2
85 95 2
147 125 13
125 128 4
128 333 9
333 322 2
322 323 1
151 129 12
129 136 3
136 325 11
325 337 2
337 324 1
155 133 8
133 128 3
159 137 15
137 136 3
163 141 6
141 139 1
139 128 3
186 167 10
167 183 1
183 174 1
174 322 6
190 171 11
171 168 1
168 183 2
194 175 3
175 174 5
198 179 3
179 169 1
169 174 2
202 183 8
230 206 9
206 215 2
215 205 1
205 226 1
226 335 4
335 324 4
234 210 4
210 222 1
222 205 1
238 214 4
214 215 1
242 218 14
218 222 1
246 222 12
250 226 12
267 254 7
254 259 5
259 257 3
257 337 1
271 258 8
258 253 1
253 255 1
255 257 3
275 262 2
262 255 4
301 279 2
279 287 4
287 257 2
305 283 11
283 298 2
298 278 1
278 285 1
285 290 1
290 287 2
309 287 14
317 295 6
295 285 1
321 299 8
299 287 2
348 328 6
352 332 12
332 337 3
356 336 14
336 337 2
360 340 3
340 329 3
329 323 1
383 364 10
364 380 1
380 366 4
387 368 1
368 362 1
391 372 14
372 376 2
376 366 1
395 376 7
399 380 11
348 139
24 0 10
0 19 7
19 8 7
8 50 5
50 52 1
52 366 2
366 362 1
362 328 3
328 348 6
28 4 6
4 7 11
7 1 15
1 19 2
32 8 3
36 12 1
12 7 1
40 16 5
16 22 13
22 13 3
13 17 10
17 1 2
44 20 9
20 19 1
66 48 7
48 49 1
49 60 1
60 52 2
70 52 6
74 56 8
56 52 3
78 60 9
82 64 9
64 53 2
53 50 2
105 86 11
86 88 1
88 84 1
84 95 1
95 378 4
378 366 4
109 90 13
90 89 1
89 85 2
85 95 2
113 94 7
94 98 2
98 95 2
117 98 5
121 102 1
102 85 2
147 125 13
125 128 4
128 333 9
333 328 3
151 129 12
129 135 2
135 128 2
155 133 8
133 128 3
159 137 15
137 139 2
139 128 3
163 141 6
141 139 1
186 167 10
167 183 1
183 174 1
174 322 6
322 323 1
323 341 2
341 328 1
190 171 11
171 168 1
168 183 2
194 175 3
175 174 5
198 179 3
179 169 1
169 174 2
202 183 8
230 206 9
206 215 2
215 205 1
205 226 1
226 335 4
335 333 1
234 210 4
210 222 1
222 205 1
238 214 4
214 215 1
242 218 14
218 222 1
246 222 12
250 226 12
267 254 7
254 259 5
259 257 3
257 337 1
337 323 2
271 258 8
258 253 1
253 255 1
255 257 3
275 262 2
262 255 4
301 279 2
279 287 4
287 257 2
305 283 11
283 298 2
298 278 1
278 285 1
285 290 1
290 287 2
309 287 14
317 295 6
295 285 1
321 299 8
299 287 2
344 324 2
324 323 1
352 332 12
332 326 1
326 328 3
356 336 14
336 335 3
360 340 3
340 326 2
383 364 10
364 380 1
380 366 4
387 368 1
368 362 1
391 372 14
372 376 2
376 366 1
395 376 7
399 380 11
352 138
24 0 10
0 19 7
19 8 7
8 50 5
50 52 1
52 366 2
366 362 1
362 328 3
328 326 3
326 332 1
332 352 12
28 4 6
4 7 11
7 1 15
1 19 2
32 8 3
36 12 1
12 7 1
40 16 5
16 22 13
22 13 3
13 17 10
17 1 2
44 20 9
20 19 1
66 48 7
48 49 1
49 60 1
60 52 2
70 52 6
74 56 8
56 52 3
78 60 9
82 64 9
64 53 2
53 50 2
105 86 11
86 88 1
88 84 1
84 95 1
95 378 4
378 366 4
109 90 13
90 94 1
94 98 2
98 95 2
113 94 7
117 98 5
121 102 1
102 85 2
85 95 2
147 125 13
125 128 4
128 333 9
333 322 2
322 326 1
151 129 12
129 135 2
135 128 2
155 133 8
133 128 3
159 137 15
137 139 2
139 128 3
163 141 6
141 139 1
186 167 10
167 183 1
183 174 1
174 322 6
190 171 11
171 168 1
168 183 2
194 175 3
175 174 5
198 179 3
179 169 1
169 174 2
202 183 8
230 206 9
206 212 2
212 226 2
226 335 4
335 329 2
329 326 1
234 210 4
210 222 1
222 205 1
205 226 1
238 214 4
214 215 1
215 205 1
242 218 14
218 222 1
246 222 12
250 226 12
267 254 7
254 259 5
259 257 3
257 337 1
337 332 3
271 258 8
258 253 1
253 255 1
255 257 3
275 262 2
262 255 4
301 279 2
279 287 4
287 257 2
305 283 11
283 298 2
298 278 1
278 285 1
285 290 1
290 287 2
309 287 14
317 295 6
295 285 1
321 299 8
299 287 2
344 324 2
324 337 1
348 328 6
356 336 14
336 337 2
360 340 3
340 326 2
383 364 10
364 380 1
380 366 4
387 368 1
368 362 1
391 372 14
372 376 2
376 366 1
395 376 7
399 380 11
356 139
24 0 10
0 19 7
19 8 7
8 50 5
50 52 1
52 366 2
366 362 1
362 328 3
328 333 3
333 335 1
335 336 3
336 356 14
28 4 6
4 7 11
7 1 15
1 19 2
32 8 3
36 12 1
12 7 1
40 16 5
16 22 13
22 13 3
13 17 10
17 1 2
44 20 9
20 19 1
66 48 7
48 63 1
63 52 3
70 52 6
74 56 8
56 52 3
78 60 9
60 52 2
82 64 9
64 53 2
53 50 2
105 86 11
86 88 1
88 84 1
84 95 1
95 378 4
378 366 4
109 90 13
90 89 1
89 85 2
85 95 2
113 94 7
94 98 2
98 95 2
117 98 5
121 102 1
102 85 2
147 125 13
125 128 4
128 333 9
151 129 12
129 135 2
135 128 2
155 133 8
133 128 3
159 137 15
137 136 3
136 325 11
325 337 2
337 336 2
163 141 6
141 139 1
139 128 3
186 167 10
167 183 1
183 174 1
174 322 6
322 337 3
190 171 11
171 168 1
168 183 2
194 175 3
175 174 5
198 179 3
179 169 1
169 174 2
202 183 8
230 206 9
206 212 2
212 226 2
226 335 4
234 210 4
210 222 1
222 205 1
205 226 1
238 214 4
214 215 1
215 205 1
242 218 14
218 222 1
246 222 12
250 226 12
267 254 7
254 259 5
259 257 3
257 337 1
271 258 8
258 253 1
253 255 1
255 257 3
275 262 2
262 255 4
301 279 2
279 287 4
287 257 2
305 283 11
283 298 2
298 278 1
278 285 1
285 290 1
290 287 2
309 287 14
317 295 6
295 285 1
321 299 8
299 287 2
344 324 2
324 337 1
348 328 6
352 332 12
332 337 3
360 340 3
340 325 4
383 364 10
364 380 1
380 366 4
387 368 1
368 362 1
391 372 14
372 376 2
376 366 1
395 376 7
399 380 11
360 141
24 0 10
0 19 7
19 8 7
8 50 5
50 52 1
52 366 2
366 362 1
362 328 3
328 326 3
326 340 2
340 360 3
28 4 6
4 7 11
7 1 15
1 19 2
32 8 3
36 12 1
12 7 1
40 16 5
16 22 13
22 13 3
13 17 10
17 1 2
44 20 9
20 19 1
66 48 7
48 49 1
49 60 1
60 52 2
70 52 6
74 56 8
56 52 3
78 60 9
82 64 9
64 53 2
53 50 2
105 86 11
86 88 1
88 84 1
84 95 1
95 378 4
378 366 4
109 90 13
90 94 1
94 98 2
98 95 2
113 94 7
117 98 5
121 102 1
102 85 2
85 95 2
147 125 13
125 128 4
128 333 9
333 338 2
338 340 3
151 129 12
129 136 3
136 325 11
325 340 4
155 133 8
133 128 3
159 137 15
137 136 3
163 141 6
141 126 1
126 136 2
186 167 10
167 183 1
183 174 1
174 322 6
322 326 1
190 171 11
171 168 1
168 183 2
194 175 3
175 174 5
198 179 3
179 169 1
169 174 2
202 183 8
230 206 9
206 212 2
212 226 2
226 335 4
335 329 2
329 340 3
234 210 4
210 222 1
222 205 1
205 226 1
238 214 4
214 215 1
215 205 1
242 218 14
218 222 1
246 222 12
250 226 12
267 254 7
254 259 5
259 257 3
257 337 1
337 332 3
332 326 1
271 258 8
258 253 1
253 255 1
255 257 3
275 262 2
262 255 4
301 279 2
279 287 4
287 257 2
305 283 11
283 298 2
298 278 1
278 285 1
285 290 1
290 287 2
309 287 14
317 295 6
295 285 1
321 299 8
299 287 2
344 324 2
324 323 1
323 326 2
348 328 6
352 332 12
356 336 14
336 335 3
383 364 10
364 380 1
380 366 4
387 368 1
368 362 1
391 372 14
372 376 2
376 366 1
395 376 7
399 380 11
383 143
24 0 10
0 19 7
19 8 7
8 50 5
50 52 1
52 366 2
366 380 4
380 364 1
364 383 10
28 4 6
4 7 11
7 1 15
1 19 2
32 8 3
36 12 1
12 7 1
40 16 5
16 22 13
22 13 3
13 17 10
17 1 2
44 20 9
20 19 1
66 48 7
48 49 1
49 60 1
60 52 2
70 52 6
74 56 8
56 52 3
78 60 9
82 64 9
64 53 2
53 50 2
105 86 11
86 88 1
88 84 1
84 95 1
95 378 4
378 364 2
109 90 13
90 89 1
89 380 9
113 94 7
94 98 2
98 95 2
117 98 5
121 102 1
102 85 2
85 95 2
147 125 13
125 128 4
128 333 9
333 328 3
328 362 3
362 366 1
151 129 12
129 135 2
135 128 2
155 133 8
133 128 3
159 137 15
137 139 2
139 128 3
163 141 6
141 139 1
186 167 10
167 184 1
184 180 1
180 58 4
58 57 2
57 52 1
190 171 11
171 168 1
168 183 2
183 174 1
174 180 1
194 175 3
175 174 5
198 179 3
179 184 3
202 183 8
230 206 9
206 215 2
215 205 1
205 226 1
226 335 4
335 333 1
234 210 4
210 222 1
222 205 1
238 214 4
214 215 1
242 218 14
218 222 1
246 222 12
250 226 12
267 254 7
254 259 5
259 257 3
257 337 1
337 323 2
323 341 2
341 328 1
271 258 8
258 253 1
253 255 1
255 257 3
275 262 2
262 255 4
301 279 2
279 287 4
287 257 2
305 283 11
283 298 2
298 278 1
278 285 1
285 290 1
290 287 2
309 287 14
317 295 6
295 285 1
321 299 8
299 287 2
344 324 2
324 323 1
348 328 6
352 332 12
332 326 1
326 328 3
356 336 14
336 335 3
360 340 3
340 326 2
387 368 1
368 375 1
375 370 4
370 364 2
391 372 14
372 376 2
376 370 4
395 376 7
399 380 11
387 143
24 0 10
0 19 7
19 8 7
8 50 5
50 52 1
52 366 2
366 362 1
362 368 1
368 387 1
28 4 6
4 7 11
7 1 15
1 19 2
32 8 3
36 12 1
12 7 1
40 16 5
16 22 13
22 13 3
13 17 10
17 1 2
44 20 9
20 19 1
66 48 7
48 63 1
63 52 3
70 52 6
74 56 8
56 52 3
78 60 9
60 52 2
82 64 9
64 53 2
53 50 2
105 86 11
86 88 1
88 84 1
84 95 1
95 378 4
378 366 4
109 90 13
90 89 1
89 85 2
85 95 2
113 94 7
94 98 2
98 95 2
117 98 5
121 102 1
102 85 2
147 125 13
125 128 4
128 333 9
333 328 3
328 362 3
151 129 12
129 135 2
135 128 2
155 133 8
133 128 3
159 137 15
137 139 2
139 128 3
163 141 6
141 139 1
186 167 10
167 184 1
184 180 1
180 58 4
58 57 2
57 52 1
190 171 11
171 168 1
168 183 2
183 174 1
174 180 1
194 175 3
175 174 5
198 179 3
179 184 3
202 183 8
230 206 9
206 215 2
215 205 1
205 226 1
226 335 4
335 333 1
234 210 4
210 222 1
222 205 1
238 214 4
214 215 1
242 218 14
218 222 1
246 222 12
250 226 12
267 254 7
254 259 5
259 257 3
257 337 1
337 323 2
323 341 2
341 328 1
271 258 8
258 253 1
253 255 1
255 257 3
275 262 2
262 255 4
301 279 2
279 287 4
287 257 2
305 283 11
283 298 2
298 278 1
278 285 1
285 290 1
290 287 2
309 287 14
317 295 6
295 285 1
321 299 8
299 287 2
344 324 2
324 323 1
348 328 6
352 332 12
332 326 1
326 328 3
356 336 14
336 335 3
360 340 3
340 326 2
383 364 10
364 370 2
370 375 4
375 368 1
391 372 14
372 375 4
395 376 7
376 366 1
399 380 11
380 366 4
391 142
24 0 10
0 19 7
19 8 7
8 50 5
50 52 1
52 366 2
366 376 1
376 372 2
372 391 14
28 4 6
4 7 11
7 1 15
1 19 2
32 8 3
36 12 1
12 7 1
40 16 5
16 22 13
22 13 3
13 17 10
17 1 2
44 20 9
20 19 1
66 48 7
48 49 1
49 60 1
60 52 2
70 52 6
74 56 8
56 52 3
78 60 9
82 64 9
64 53 2
53 50 2
105 86 11
86 88 1
88 84 1
84 95 1
95 378 4
378 376 5
109 90 13
90 94 1
94 98 2
98 95 2
113 94 7
117 98 5
121 102 1
102 85 2
85 95 2
147 125 13
125 128 4
128 333 9
333 328 3
328 362 3
362 366 1
151 129 12
129 135 2
135 128 2
155 133 8
133 128 3
159 137 15
137 139 2
139 128 3
163 141 6
141 139 1
186 167 10
167 184 1
184 180 1
180 58 4
58 57 2
57 52 1
190 171 11
171 168 1
168 183 2
183 174 1
174 180 1
194 175 3
175 174 5
198 179 3
179 184 3
202 183 8
230 206 9
206 215 2
215 205 1
205 226 1
226 335 4
335 333 1
234 210 4
210 222 1
222 205 1
238 214 4
214 215 1
242 218 14
218 222 1
246 222 12
250 226 12
267 254 7
254 259 5
259 257 3
257 337 1
337 323 2
323 341 2
341 328 1
271 258 8
258 253 1
253 255 1
255 257 3
275 262 2
262 255 4
301 279 2
279 287 4
287 257 2
305 283 11
283 298 2
298 278 1
278 285 1
285 290 1
290 287 2
309 287 14
317 295 6
295 285 1
321 299 8
299 287 2
344 324 2
324 323 1
348 328 6
352 332 12
332 326 1
326 328 3
356 336 14
336 335 3
360 340 3
340 326 2
383 364 10
364 370 2
370 376 4
387 368 1
368 375 1
375 372 4
395 376 7
399 380 11
380 366 4
395 142
24 0 10
0 19 7
19 8 7
8 50 5
50 52 1
52 366 2
366 376 1
376 395 7
28 4 6
4 7 11
7 1 15
1 19 2
32 8 3
36 12 1
12 7 1
40 16 5
16 22 13
22 13 3
13 17 10
17 1 2
44 20 9
20 19 1
66 48 7
48 63 1
63 52 3
70 52 6
74 56 8
56 52 3
78 60 9
60 52 2
82 64 9
64 53 2
53 50 2
105 86 11
86 88 1
88 84 1
84 95 1
95 378 4
378 376 5
109 90 13
90 89 1
89 85 2
85 95 2
113 94 7
94 98 2
98 95 2
117 98 5
121 102 1
102 85 2
147 125 13
125 128 4
128 333 9
333 328 3
328 362 3
362 366 1
151 129 12
129 135 2
135 128 2
155 133 8
133 128 3
159 137 15
137 139 2
139 128 3
163 141 6
141 139 1
186 167 10
167 184 1
184 180 1
180 58 4
58 57 2
57 52 1
190 171 11
171 168 1
168 183 2
183 174 1
174 180 1
194 175 3
175 174 5
198 179 3
179 184 3
202 183 8
230 206 9
206 215 2
215 205 1
205 226 1
226 335 4
335 333 1
234 210 4
210 222 1
222 205 1
238 214 4
214 215 1
242 218 14
218 222 1
246 222 12
250 226 12
267 254 7
254 259 5
259 257 3
257 337 1
337 323 2
323 341 2
341 328 1
271 258 8
258 253 1
253 255 1
255 257 3
275 262 2
262 255 4
301 279 2
279 287 4
287 257 2
305 283 11
283 298 2
298 278 1
278 285 1
285 290 1
290 287 2
309 287 14
317 295 6
295 285 1
321 299 8
299 287 2
344 324 2
324 323 1
348 328 6
352 332 12
332 326 1
326 328 3
356 336 14
336 335 3
360 340 3
340 326 2
383 364 10
364 370 2
370 376 4
387 368 1
368 362 1
391 372 14
372 376 2
399 380 11
380 366 4
399 141
24 0 10
0 19 7
19 8 7
8 50 5
50 52 1
52 366 2
366 380 4
380 399 11
28 4 6
4 7 11
7 1 15
1 19 2
32 8 3
36 12 1
12 7 1
40 16 5
16 22 13
22 13 3
13 17 10
17 1 2
44 20 9
20 19 1
66 48 7
48 63 1
63 52 3
70 52 6
74 56 8
56 52 3
78 60 9
60 52 2
82 64 9
64 53 2
53 50 2
105 86 11
86 88 1
88 84 1
84 95 1
95 378 4
378 364 2
364 380 1
109 90 13
90 89 1
89 380 9
113 94 7
94 89 2
117 98 5
98 95 2
121 102 1
102 85 2
85 95 2
147 125 13
125 128 4
128 333 9
333 328 3
328 362 3
362 366 1
151 129 12
129 135 2
135 128 2
155 133 8
133 128 3
159 137 15
137 139 2
139 128 3
163 141 6
141 139 1
186 167 10
167 184 1
184 180 1
180 58 4
58 57 2
57 52 1
190 171 11
171 168 1
168 183 2
183 174 1
174 180 1
194 175 3
175 174 5
198 179 3
179 184 3
202 183 8
230 206 9
206 215 2
215 205 1
205 226 1
226 335 4
335 333 1
234 210 4
210 222 1
222 205 1
238 214 4
214 215 1
242 218 14
218 222 1
246 222 12
250 226 12
267 254 7
254 259 5
259 257 3
257 337 1
337 323 2
323 341 2
341 328 1
271 258 8
258 253 1
253 255 1
255 257 3
275 262 2
262 255 4
301 279 2
279 287 4
287 257 2
305 283 11
283 298 2
298 278 1
278 285 1
285 290 1
290 287 2
309 287 14
317 295 6
295 285 1
321 299 8
299 287 2
344 324 2
324 323 1
348 328 6
352 332 12
332 326 1
326 328 3
356 336 14
336 335 3
360 340 3
340 326 2
383 364 10
387 368 1
368 362 1
391 372 14
372 376 2
376 366 1
395 376 7
